  0.0000E+00  0.0000E+00  0.0000E+00  1.2500E-01  1.6294E-16  5.5809E-25  1.1715E-01
  1.5981E-02 -4.5250E-10  2.2077E-09  2.4092E-01  2.6909E-15 -8.0909E-21  2.4091E-01
  2.0054E-02  1.8398E-08  8.4080E-07  1.5690E+00 -2.1093E-10  4.0361E-12  1.5798E+00
  3.0063E-02  1.4421E-07  1.5053E-06  2.7280E+00 -2.0750E-11  8.0702E-16  2.7260E+00
  4.0084E-02  3.3543E-07  1.4762E-06  2.9222E+00 -2.9826E-11  7.7383E-15  2.9203E+00
  5.0106E-02  4.1918E-07  1.4366E-06  2.8379E+00 -2.7735E-11  1.4976E-14  2.8364E+00
  6.0126E-02  5.0451E-07  1.4122E-06  2.7279E+00 -3.0482E-11  2.4260E-14  2.7265E+00
  7.0147E-02  5.9156E-07  1.3970E-06  2.6374E+00 -3.7045E-11  3.9139E-14  2.6359E+00
  8.0168E-02  6.6586E-07  1.3892E-06  2.5503E+00 -4.7515E-11  6.0770E-14  2.5486E+00
  9.0189E-02  8.0619E-07  1.3824E-06  2.4590E+00 -5.7361E-11  8.7296E-14  2.4571E+00
  1.0021E-01  9.6872E-07  1.3789E-06  2.3704E+00 -6.4226E-11  1.1721E-13  2.3685E+00
  1.1023E-01  1.1370E-06  1.3706E-06  2.2798E+00 -6.7482E-11  1.5009E-13  2.2780E+00
  1.2025E-01  1.2937E-06  1.3562E-06  2.1871E+00 -6.6112E-11  1.8587E-13  2.1856E+00
  1.3027E-01  1.4378E-06  1.3429E-06  2.1046E+00 -6.1004E-11  2.1698E-13  2.1034E+00
  1.4029E-01  1.5630E-06  1.3286E-06  2.0346E+00 -5.3120E-11  2.4247E-13  2.0338E+00
  1.5031E-01  1.6643E-06  1.3133E-06  1.9774E+00 -4.3634E-11  2.5994E-13  1.9769E+00
  1.6034E-01  1.7403E-06  1.2979E-06  1.9343E+00 -3.3891E-11  2.6909E-13  1.9340E+00
  1.7036E-01  1.7932E-06  1.2818E-06  1.9017E+00 -2.4472E-11  2.7087E-13  1.9016E+00
  1.8038E-01  1.8269E-06  1.2650E-06  1.8777E+00 -1.5872E-11  2.6660E-13  1.8777E+00
  1.9040E-01  1.8469E-06  1.2487E-06  1.8644E+00 -8.4760E-12  2.5829E-13  1.8645E+00
  2.0042E-01  1.8572E-06  1.2331E-06  1.8611E+00 -2.2480E-12  2.4716E-13  1.8612E+00
  2.1044E-01  1.8612E-06  1.2189E-06  1.8678E+00  2.7313E-12  2.3456E-13  1.8679E+00
  2.2046E-01  1.8615E-06  1.2052E-06  1.8825E+00  6.8661E-12  2.2171E-13  1.8826E+00
  2.3048E-01  1.8592E-06  1.1916E-06  1.9021E+00  1.0218E-11  2.0844E-13  1.9021E+00
  2.4051E-01  1.8552E-06  1.1781E-06  1.9260E+00  1.2899E-11  1.9523E-13  1.9260E+00
  2.5053E-01  1.8502E-06  1.1655E-06  1.9532E+00  1.4944E-11  1.8225E-13  1.9532E+00
  2.6055E-01  1.8449E-06  1.1525E-06  1.9844E+00  1.6628E-11  1.7005E-13  1.9842E+00
  2.7057E-01  1.8391E-06  1.1398E-06  2.0189E+00  1.7913E-11  1.5848E-13  2.0187E+00
  2.8059E-01  1.8327E-06  1.1277E-06  2.0553E+00  1.8818E-11  1.4741E-13  2.0551E+00
  2.9061E-01  1.8264E-06  1.1153E-06  2.0935E+00  1.9517E-11  1.3707E-13  2.0933E+00
  3.0063E-01  1.8203E-06  1.1033E-06  2.1330E+00  2.0055E-11  1.2741E-13  2.1327E+00
  3.1065E-01  1.8144E-06  1.0917E-06  2.1733E+00  2.0395E-11  1.1836E-13  2.1730E+00
  3.2067E-01  1.8087E-06  1.0801E-06  2.2147E+00  2.0625E-11  1.0993E-13  2.2143E+00
  3.3069E-01  1.8032E-06  1.0686E-06  2.2564E+00  2.0715E-11  1.0207E-13  2.2560E+00
  3.4072E-01  1.7976E-06  1.0572E-06  2.2978E+00  2.0664E-11  9.4715E-14  2.2974E+00
  3.5074E-01  1.7922E-06  1.0459E-06  2.3397E+00  2.0544E-11  8.7931E-14  2.3393E+00
  3.6076E-01  1.7868E-06  1.0347E-06  2.3815E+00  2.0337E-11  8.1587E-14  2.3810E+00
  3.7078E-01  1.7812E-06  1.0238E-06  2.4223E+00  2.0056E-11  7.5672E-14  2.4219E+00
  3.8080E-01  1.7757E-06  1.0129E-06  2.4635E+00  1.9736E-11  7.0208E-14  2.4630E+00
  3.9082E-01  1.7704E-06  1.0022E-06  2.5040E+00  1.9381E-11  6.5151E-14  2.5035E+00
  4.0084E-01  1.7653E-06  9.9175E-07  2.5438E+00  1.9006E-11  6.0453E-14  2.5433E+00
  4.1086E-01  1.7603E-06  9.8131E-07  2.5833E+00  1.8620E-11  5.6101E-14  2.5827E+00
  4.2088E-01  1.7556E-06  9.7097E-07  2.6218E+00  1.8208E-11  5.2060E-14  2.6213E+00
  4.3091E-01  1.7510E-06  9.6094E-07  2.6592E+00  1.7784E-11  4.8311E-14  2.6586E+00
  4.4093E-01  1.7465E-06  9.5099E-07  2.6958E+00  1.7353E-11  4.4855E-14  2.6953E+00
  4.5095E-01  1.7419E-06  9.4118E-07  2.7301E+00  1.6914E-11  4.1660E-14  2.7296E+00
  4.6097E-01  1.7384E-06  9.3339E-07  2.7634E+00  1.6472E-11  3.8972E-14  2.7629E+00
  4.7099E-01  1.7343E-06  9.2402E-07  2.7978E+00  1.6032E-11  3.6232E-14  2.7972E+00
  4.8101E-01  1.7303E-06  9.1483E-07  2.8312E+00  1.5598E-11  3.3695E-14  2.8307E+00
  4.9103E-01  1.7265E-06  9.0579E-07  2.8636E+00  1.5169E-11  3.1348E-14  2.8631E+00
  5.0105E-01  1.7228E-06  8.9686E-07  2.8954E+00  1.4747E-11  2.9181E-14  2.8948E+00
  5.1107E-01  1.7194E-06  8.8804E-07  2.9261E+00  1.4337E-11  2.7173E-14  2.9256E+00
  5.2110E-01  1.7161E-06  8.7935E-07  2.9559E+00  1.3938E-11  2.5320E-14  2.9554E+00
  5.3112E-01  1.7130E-06  8.7094E-07  2.9847E+00  1.3546E-11  2.3607E-14  2.9842E+00
  5.4114E-01  1.7101E-06  8.6252E-07  3.0133E+00  1.3170E-11  2.2028E-14  3.0128E+00
  5.5116E-01  1.7075E-06  8.5411E-07  3.0413E+00  1.2812E-11  2.0563E-14  3.0408E+00
  5.6118E-01  1.7050E-06  8.4592E-07  3.0687E+00  1.2464E-11  1.9208E-14  3.0681E+00
  5.7120E-01  1.7027E-06  8.3770E-07  3.0953E+00  1.2131E-11  1.7949E-14  3.0948E+00
  5.8122E-01  1.7007E-06  8.2962E-07  3.1211E+00  1.1807E-11  1.6785E-14  3.1206E+00
  5.9124E-01  1.6989E-06  8.2166E-07  3.1465E+00  1.1499E-11  1.5706E-14  3.1459E+00
  6.0126E-01  1.6973E-06  8.1389E-07  3.1711E+00  1.1199E-11  1.4709E-14  3.1706E+00
  6.1128E-01  1.6959E-06  8.0612E-07  3.1955E+00  1.0911E-11  1.3787E-14  3.1950E+00
  6.2131E-01  1.6946E-06  7.9838E-07  3.2192E+00  1.0629E-11  1.2929E-14  3.2187E+00
  6.3133E-01  1.6936E-06  7.9072E-07  3.2420E+00  1.0356E-11  1.2132E-14  3.2416E+00
  6.4135E-01  1.6927E-06  7.8322E-07  3.2640E+00  1.0091E-11  1.1389E-14  3.2635E+00
  6.5137E-01  1.6920E-06  7.7575E-07  3.2854E+00  9.8375E-12  1.0699E-14  3.2849E+00
  6.6139E-01  1.6914E-06  7.6841E-07  3.3061E+00  9.5915E-12  1.0056E-14  3.3056E+00
  6.7141E-01  1.6911E-06  7.6114E-07  3.3265E+00  9.3557E-12  9.4586E-15  3.3260E+00
  6.8143E-01  1.6908E-06  7.5395E-07  3.3461E+00  9.1259E-12  8.9033E-15  3.3457E+00
  6.9145E-01  1.6907E-06  7.4699E-07  3.3652E+00  8.9026E-12  8.3872E-15  3.3647E+00
  7.0147E-01  1.6908E-06  7.4003E-07  3.3841E+00  8.6895E-12  7.9066E-15  3.3836E+00
  7.1150E-01  1.6909E-06  7.3317E-07  3.4022E+00  8.4819E-12  7.4580E-15  3.4018E+00
  7.2152E-01  1.6912E-06  7.2641E-07  3.4199E+00  8.2811E-12  7.0385E-15  3.4194E+00
  7.3154E-01  1.6916E-06  7.1968E-07  3.4371E+00  8.0859E-12  6.6466E-15  3.4366E+00
  7.4156E-01  1.6922E-06  7.1303E-07  3.4536E+00  7.8969E-12  6.2799E-15  3.4531E+00
  7.5158E-01  1.6928E-06  7.0637E-07  3.4698E+00  7.7149E-12  5.9378E-15  3.4693E+00
  7.6160E-01  1.6937E-06  6.9978E-07  3.4854E+00  7.5378E-12  5.6175E-15  3.4850E+00
  7.7162E-01  1.6947E-06  6.9324E-07  3.5007E+00  7.3667E-12  5.3170E-15  3.5002E+00
  7.8164E-01  1.6958E-06  6.8679E-07  3.5155E+00  7.2009E-12  5.0358E-15  3.5151E+00
  7.9166E-01  1.6970E-06  6.8045E-07  3.5300E+00  7.0412E-12  4.7725E-15  3.5296E+00
  8.0169E-01  1.6984E-06  6.7418E-07  3.5440E+00  6.8856E-12  4.5259E-15  3.5436E+00
  8.1171E-01  1.7000E-06  6.6796E-07  3.5577E+00  6.7354E-12  4.2942E-15  3.5573E+00
  8.2173E-01  1.7016E-06  6.6184E-07  3.5711E+00  6.5902E-12  4.0770E-15  3.5706E+00
  8.3175E-01  1.7035E-06  6.5580E-07  3.5841E+00  6.4493E-12  3.8732E-15  3.5836E+00
  8.4177E-01  1.7054E-06  6.4985E-07  3.5968E+00  6.3141E-12  3.6814E-15  3.5963E+00
  8.5179E-01  1.7075E-06  6.4401E-07  3.6091E+00  6.1828E-12  3.5017E-15  3.6087E+00
  8.6181E-01  1.7097E-06  6.3822E-07  3.6211E+00  6.0555E-12  3.3327E-15  3.6207E+00
  8.7183E-01  1.7120E-06  6.3253E-07  3.6329E+00  5.9323E-12  3.1739E-15  3.6325E+00
  8.8182E-01  1.7145E-06  6.2698E-07  3.6445E+00  5.8138E-12  3.0250E-15  3.6441E+00
  8.9187E-01  1.7172E-06  6.2149E-07  3.6559E+00  5.6990E-12  2.8838E-15  3.6555E+00
  8.9405E-01  1.7178E-06  6.2034E-07  3.6582E+00  5.6745E-12  2.8543E-15  3.6578E+00
  9.0190E-01  1.7200E-06  6.1615E-07  3.6669E+00  5.5885E-12  2.7513E-15  3.6665E+00
  9.1192E-01  1.7229E-06  6.1081E-07  3.6780E+00  5.4824E-12  2.6265E-15  3.6776E+00
  9.2194E-01  1.7259E-06  6.0553E-07  3.6886E+00  5.3791E-12  2.5081E-15  3.6882E+00
  9.3196E-01  1.7291E-06  6.0034E-07  3.6988E+00  5.2788E-12  2.3962E-15  3.6984E+00
  9.4198E-01  1.7323E-06  5.9518E-07  3.7087E+00  5.1820E-12  2.2903E-15  3.7083E+00
  9.5200E-01  1.7357E-06  5.9007E-07  3.7184E+00  5.0879E-12  2.1902E-15  3.7181E+00
  9.6202E-01  1.7392E-06  5.8504E-07  3.7279E+00  4.9965E-12  2.0957E-15  3.7275E+00
  9.7204E-01  1.7429E-06  5.8007E-07  3.7372E+00  4.9082E-12  2.0061E-15  3.7368E+00
  9.8030E-01  1.7459E-06  5.7603E-07  3.7446E+00  4.8371E-12  1.9360E-15  3.7442E+00
  9.8206E-01  1.7466E-06  5.7519E-07  3.7461E+00  4.8220E-12  1.9214E-15  3.7457E+00
  9.9208E-01  1.7505E-06  5.7033E-07  3.7549E+00  4.7389E-12  1.8408E-15  3.7545E+00
  1.0021E+00  1.7545E-06  5.6551E-07  3.7637E+00  4.6587E-12  1.7647E-15  3.7633E+00
  1.0121E+00  1.7586E-06  5.6075E-07  3.7725E+00  4.5811E-12  1.6927E-15  3.7721E+00
  1.0221E+00  1.7629E-06  5.5604E-07  3.7812E+00  4.5062E-12  1.6245E-15  3.7809E+00
  1.0322E+00  1.7672E-06  5.5138E-07  3.7892E+00  4.4323E-12  1.5594E-15  3.7889E+00
  1.0422E+00  1.7716E-06  5.4677E-07  3.7972E+00  4.3608E-12  1.4978E-15  3.7969E+00
  1.0522E+00  1.7762E-06  5.4221E-07  3.8052E+00  4.2917E-12  1.4393E-15  3.8048E+00
  1.0622E+00  1.7808E-06  5.3769E-07  3.8131E+00  4.2247E-12  1.3838E-15  3.8128E+00
  1.0723E+00  1.7855E-06  5.3322E-07  3.8210E+00  4.1599E-12  1.3312E-15  3.8207E+00
  1.0823E+00  1.7904E-06  5.2883E-07  3.8282E+00  4.0966E-12  1.2804E-15  3.8278E+00
  1.0923E+00  1.7953E-06  5.2449E-07  3.8353E+00  4.0353E-12  1.2322E-15  3.8350E+00
  1.1023E+00  1.8004E-06  5.2018E-07  3.8425E+00  3.9758E-12  1.1864E-15  3.8421E+00
  1.1123E+00  1.8055E-06  5.1593E-07  3.8496E+00  3.9181E-12  1.1428E-15  3.8492E+00
  1.1224E+00  1.8108E-06  5.1171E-07  3.8567E+00  3.8622E-12  1.1013E-15  3.8563E+00
  1.1324E+00  1.8161E-06  5.0757E-07  3.8629E+00  3.8064E-12  1.0614E-15  3.8625E+00
  1.1424E+00  1.8215E-06  5.0347E-07  3.8691E+00  3.7523E-12  1.0234E-15  3.8687E+00
  1.1524E+00  1.8270E-06  4.9941E-07  3.8753E+00  3.6997E-12  9.8726E-16  3.8749E+00
  1.1624E+00  1.8326E-06  4.9539E-07  3.8814E+00  3.6487E-12  9.5281E-16  3.8811E+00
  1.1725E+00  1.8383E-06  4.9142E-07  3.8876E+00  3.5992E-12  9.1997E-16  3.8872E+00
  1.1825E+00  1.8440E-06  4.8749E-07  3.8931E+00  3.5501E-12  8.8833E-16  3.8928E+00
  1.1925E+00  1.8499E-06  4.8361E-07  3.8987E+00  3.5025E-12  8.5817E-16  3.8983E+00
  1.2025E+00  1.9016E-06  4.8386E-07  3.9045E+00  3.4594E-12  8.3204E-16  3.9041E+00
  1.2125E+00  2.1143E-06  4.9013E-07  3.9102E+00  3.4283E-12  8.1585E-16  3.9099E+00
  1.2226E+00  2.0291E-06  4.7847E-07  3.9157E+00  3.4334E-12  8.0156E-16  3.9153E+00
  1.2326E+00  6.0571E-07  4.9361E-07  3.9206E+00  3.3075E-12  7.6561E-16  3.9203E+00
  1.2426E+00  2.1784E-06  7.9179E-07  3.9661E+00  2.9211E-12  9.3747E-16  3.9658E+00
  1.2526E+00  4.7404E-06  1.0911E-06  4.0436E+00  2.5985E-12  1.1434E-15  4.0433E+00
  1.2597E+00  4.0532E-06  9.8245E-07  4.0452E+00  2.6172E-12  1.1483E-15  4.0450E+00
  1.2627E+00  2.8948E-06  9.6821E-07  4.0470E+00  2.5642E-12  1.1727E-15  4.0468E+00
  1.2727E+00  1.9015E-06  1.0475E-06  4.0520E+00  2.5177E-12  1.1147E-15  4.0517E+00
  1.2827E+00  3.9656E-06  9.2774E-07  4.0899E+00  1.8929E-12  1.4930E-15  4.0897E+00
  1.2927E+00  4.2520E-06  8.2376E-07  4.0943E+00  1.9073E-12  1.5147E-15  4.0941E+00
  1.2931E+00  4.1330E-06  8.2126E-07  4.0946E+00  1.9060E-12  1.5166E-15  4.0945E+00
  1.3027E+00  1.7632E-06  8.9561E-07  4.1021E+00  1.8524E-12  1.4929E-15  4.1020E+00
  1.3128E+00  3.0496E-06  9.1348E-07  4.1119E+00  1.8576E-12  1.4431E-15  4.1117E+00
  1.3228E+00  4.6239E-06  8.7672E-07  4.1200E+00  1.8662E-12  1.4671E-15  4.1199E+00
  1.3264E+00  3.7181E-06  8.1786E-07  4.1218E+00  1.8753E-12  1.4866E-15  4.1216E+00
  1.3328E+00  1.6581E-06  8.5464E-07  4.1247E+00  1.8408E-12  1.4884E-15  4.1245E+00
  1.3428E+00  2.7123E-06  1.0965E-06  4.1847E+00  2.7993E-12  1.0582E-15  4.1844E+00
  1.3528E+00  5.2416E-06  1.3180E-06  4.3010E+00  3.7982E-12  6.9734E-16  4.3006E+00
  1.3597E+00  4.5127E-06  1.2144E-06  4.2985E+00  3.9125E-12  7.0409E-16  4.2980E+00
  1.3629E+00  3.3567E-06  1.2048E-06  4.2972E+00  3.8889E-12  7.2893E-16  4.2968E+00
  1.3729E+00  2.6029E-06  1.2774E-06  4.2929E+00  3.8764E-12  6.9231E-16  4.2925E+00
  1.3829E+00  4.4849E-06  1.2443E-06  4.3080E+00  3.5448E-12  9.3013E-16  4.3077E+00
  1.3929E+00  4.5777E-06  1.1377E-06  4.3067E+00  3.7102E-12  9.5506E-16  4.3063E+00
  1.3931E+00  4.5324E-06  1.1368E-06  4.3068E+00  3.7118E-12  9.5560E-16  4.3064E+00
  1.4029E+00  2.3958E-06  1.2095E-06  4.3066E+00  3.7137E-12  9.4464E-16  4.3062E+00
  1.4130E+00  3.6421E-06  1.2142E-06  4.3099E+00  3.7879E-12  9.0182E-16  4.3094E+00
  1.4230E+00  5.0007E-06  1.1736E-06  4.3108E+00  3.9352E-12  9.2949E-16  4.3104E+00
  1.4264E+00  4.1711E-06  1.1224E-06  4.3101E+00  3.9930E-12  9.4263E-16  4.3097E+00
  1.4330E+00  2.2639E-06  1.1606E-06  4.3094E+00  4.0072E-12  9.4182E-16  4.3090E+00
  1.4430E+00  3.3603E-06  1.2104E-06  4.3525E+00  5.7714E-12  9.7930E-17  4.3517E+00
  1.4531E+00  5.6947E-06  1.2431E-06  4.4570E+00  7.7266E-12 -7.2464E-16  4.4557E+00
  1.4597E+00  4.9681E-06  1.1481E-06  4.4583E+00  8.0233E-12 -7.8068E-16  4.4570E+00
  1.4631E+00  3.8404E-06  1.1434E-06  4.4574E+00  8.0674E-12 -7.8047E-16  4.4561E+00
  1.4731E+00  3.2835E-06  1.2074E-06  4.4594E+00  7.9993E-12 -7.7477E-16  4.4581E+00
  1.4831E+00  5.0027E-06  1.2198E-06  4.4649E+00  7.9483E-12 -6.7931E-16  4.4636E+00
  1.4931E+00  4.9583E-06  1.1167E-06  4.4668E+00  8.3918E-12 -7.5230E-16  4.4655E+00
  1.5032E+00  3.0457E-06  1.1859E-06  4.4690E+00  8.4218E-12 -7.6666E-16  4.4676E+00
  1.5132E+00  4.2145E-06  1.1849E-06  4.4682E+00  8.4258E-12 -7.6465E-16  4.4668E+00
  1.5232E+00  5.3643E-06  1.1419E-06  4.4709E+00  8.8246E-12 -8.1946E-16  4.4695E+00
  1.5264E+00  4.6220E-06  1.0990E-06  4.4701E+00  8.9718E-12 -8.4742E-16  4.4687E+00
  1.5332E+00  2.8731E-06  1.1369E-06  4.4696E+00  9.0474E-12 -8.7525E-16  4.4682E+00
  1.5432E+00  3.8943E-06  1.0292E-06  4.4608E+00  1.0331E-11 -1.6587E-15  4.4590E+00
  1.5533E+00  5.9483E-06  9.0492E-07  4.4944E+00  1.2072E-11 -2.5314E-15  4.4922E+00
  1.5597E+00  5.2444E-06  8.1975E-07  4.4957E+00  1.2563E-11 -2.6825E-15  4.4933E+00
  1.5633E+00  4.1612E-06  8.1899E-07  4.4938E+00  1.2685E-11 -2.7212E-15  4.4914E+00
  1.5733E+00  3.7605E-06  8.7434E-07  4.4944E+00  1.2492E-11 -2.6466E-15  4.4920E+00
  1.5833E+00  5.3285E-06  8.9639E-07  4.4966E+00  1.2613E-11 -2.6350E-15  4.4942E+00
  1.5931E+00  5.2143E-06  8.0099E-07  4.5003E+00  1.3369E-11 -2.8539E-15  4.4977E+00
  1.5933E+00  5.1381E-06  7.9929E-07  4.5006E+00  1.3425E-11 -2.8757E-15  4.4981E+00
  1.6034E+00  3.5214E-06  8.5971E-07  4.5035E+00  1.3427E-11 -2.8786E-15  4.5009E+00
  1.6134E+00  4.6146E-06  8.7940E-07  4.4781E+00  1.3116E-11 -2.7252E-15  4.4756E+00
  1.6234E+00  5.5747E-06  8.3394E-07  4.4816E+00  1.3810E-11 -2.9074E-15  4.4789E+00
  1.6264E+00  4.9230E-06  7.9901E-07  4.4802E+00  1.4043E-11 -2.9836E-15  4.4775E+00
  1.6334E+00  3.3329E-06  8.3561E-07  4.4801E+00  1.4167E-11 -3.0376E-15  4.4774E+00
  1.6435E+00  4.2270E-06  6.6265E-07  4.4436E+00  1.4142E-11 -3.2415E-15  4.4409E+00
  1.6535E+00  5.9756E-06  4.7156E-07  4.4304E+00  1.4878E-11 -3.6879E-15  4.4275E+00
  1.6597E+00  5.3088E-06  3.9619E-07  4.4308E+00  1.5507E-11 -3.9093E-15  4.4278E+00
  1.6635E+00  4.2808E-06  3.9866E-07  4.4291E+00  1.5683E-11 -3.9787E-15  4.4260E+00
  1.6735E+00  4.0075E-06  4.4697E-07  4.4291E+00  1.5359E-11 -3.8355E-15  4.4261E+00
  1.6835E+00  5.4332E-06  4.6560E-07  4.4312E+00  1.5551E-11 -3.8526E-15  4.4281E+00
  1.6931E+00  5.2709E-06  3.7826E-07  4.4347E+00  1.6541E-11 -4.1848E-15  4.4315E+00
  1.6936E+00  5.1487E-06  3.7514E-07  4.4354E+00  1.6638E-11 -4.2285E-15  4.4321E+00
  1.7036E+00  3.7741E-06  4.2605E-07  4.4393E+00  1.6585E-11 -4.2063E-15  4.4360E+00
  1.7136E+00  4.8204E-06  4.9949E-07  4.3891E+00  1.5719E-11 -3.8096E-15  4.3861E+00
  1.7236E+00  5.6130E-06  4.5314E-07  4.3912E+00  1.6632E-11 -4.0928E-15  4.3880E+00
  1.7264E+00  5.0494E-06  4.2538E-07  4.3895E+00  1.6905E-11 -4.1944E-15  4.3863E+00
  1.7336E+00  3.6122E-06  4.6016E-07  4.3898E+00  1.7038E-11 -4.2592E-15  4.3865E+00
  1.7437E+00  4.3605E-06  3.0400E-07  4.3377E+00  1.5841E-11 -3.7856E-15  4.3348E+00
  1.7537E+00  5.8095E-06  1.2806E-07  4.2985E+00  1.5620E-11 -3.6492E-15  4.2957E+00
  1.7597E+00  5.1873E-06  6.1858E-08  4.2991E+00  1.6304E-11 -3.8824E-15  4.2962E+00
  1.7637E+00  4.2203E-06  6.6870E-08  4.2977E+00  1.6490E-11 -3.9614E-15  4.2947E+00
  1.7737E+00  4.0494E-06  1.0950E-07  4.2969E+00  1.6078E-11 -3.7842E-15  4.2940E+00
  1.7837E+00  5.3391E-06  1.2380E-07  4.2975E+00  1.6311E-11 -3.8080E-15  4.2946E+00
  1.7931E+00  5.1445E-06  4.4821E-08  4.2994E+00  1.7410E-11 -4.1637E-15  4.2962E+00
  1.7938E+00  4.9854E-06  4.0233E-08  4.3002E+00  1.7532E-11 -4.2231E-15  4.2970E+00
  1.8038E+00  3.8224E-06  8.3339E-08  4.3012E+00  1.7392E-11 -4.1723E-15  4.2980E+00
  1.8138E+00  4.8931E-06  2.8069E-07  4.2210E+00  1.5388E-11 -3.2536E-15  4.2183E+00
  1.8238E+00  5.5386E-06  2.3459E-07  4.2224E+00  1.6386E-11 -3.5313E-15  4.2196E+00
  1.8264E+00  5.0576E-06  2.1301E-07  4.2212E+00  1.6638E-11 -3.6165E-15  4.2183E+00
  1.8339E+00  3.7642E-06  2.4575E-07  4.2213E+00  1.6730E-11 -3.6744E-15  4.2184E+00
  1.8439E+00  4.3878E-06  1.5307E-07  4.1913E+00  1.5220E-11 -2.9020E-15  4.1887E+00
  1.8539E+00  5.5796E-06  4.0164E-08  4.1691E+00  1.4738E-11 -2.4204E-15  4.1668E+00
  1.8597E+00  5.0054E-06 -1.7604E-08  4.1696E+00  1.5405E-11 -2.5960E-15  4.1671E+00
  1.8639E+00  4.1024E-06 -1.0733E-08  4.1688E+00  1.5558E-11 -2.6596E-15  4.1663E+00
  1.8739E+00  4.0132E-06  2.6815E-08  4.1685E+00  1.5124E-11 -2.5090E-15  4.1660E+00
  1.8840E+00  5.1746E-06  3.7880E-08  4.1682E+00  1.5381E-11 -2.5131E-15  4.1657E+00
  1.8931E+00  4.9597E-06 -3.2604E-08  4.1685E+00  1.6476E-11 -2.7784E-15  4.1659E+00
  1.8940E+00  4.7719E-06 -3.8464E-08  4.1690E+00  1.6596E-11 -2.8394E-15  4.1663E+00
  1.9040E+00  3.7927E-06 -6.2781E-10  4.1684E+00  1.6366E-11 -2.7808E-15  4.1658E+00
  1.9140E+00  4.9765E-06  3.5418E-07  4.1009E+00  1.3155E-11 -1.2275E-15  4.0990E+00
  1.9240E+00  5.4940E-06  3.0947E-07  4.1013E+00  1.4106E-11 -1.3535E-15  4.0993E+00
  1.9264E+00  5.0885E-06  2.9303E-07  4.1008E+00  1.4297E-11 -1.3842E-15  4.0987E+00
  1.9341E+00  3.9286E-06  3.2358E-07  4.1007E+00  1.4317E-11 -1.4292E-15  4.0986E+00
  1.9441E+00  4.4642E-06  2.9208E-07  4.0966E+00  1.3167E-11 -8.0199E-16  4.0947E+00
  1.9541E+00  5.4552E-06  2.4170E-07  4.0953E+00  1.2970E-11 -2.6491E-16  4.0935E+00
  1.9597E+00  4.9299E-06  1.9146E-07  4.0955E+00  1.3569E-11 -3.1168E-16  4.0937E+00
  1.9641E+00  4.0915E-06  1.9946E-07  4.0954E+00  1.3660E-11 -3.3852E-16  4.0936E+00
  1.9741E+00  4.0664E-06  2.3161E-07  4.0960E+00  1.3268E-11 -2.8898E-16  4.0942E+00
  1.9842E+00  5.1083E-06  2.4051E-07  4.0962E+00  1.3548E-11 -2.4418E-16  4.0944E+00
  1.9931E+00  4.8825E-06  1.7780E-07  4.0964E+00  1.4573E-11 -2.9279E-16  4.0944E+00
  1.9942E+00  4.6733E-06  1.7103E-07  4.0966E+00  1.4663E-11 -3.3571E-16  4.0946E+00
  2.0042E+00  3.8533E-06  2.0520E-07  4.0964E+00  1.4358E-11 -3.0877E-16  4.0945E+00
  2.0142E+00  5.1723E-06  6.2062E-07  4.0921E+00  1.1729E-11  1.3459E-15  4.0907E+00
  2.0243E+00  5.5799E-06  5.7706E-07  4.0940E+00  1.2685E-11  1.5031E-15  4.0925E+00
  2.0264E+00  5.2423E-06  5.6458E-07  4.0943E+00  1.2834E-11  1.5406E-15  4.0927E+00
  2.0343E+00  4.2052E-06  5.9218E-07  4.0953E+00  1.2784E-11  1.4910E-15  4.0937E+00
  2.0443E+00  4.6861E-06  5.9412E-07  4.0993E+00  1.2236E-11  1.6959E-15  4.0978E+00
  2.0543E+00  5.5277E-06  5.7999E-07  4.1034E+00  1.2647E-11  2.1333E-15  4.1019E+00
  2.0597E+00  5.0504E-06  5.3627E-07  4.1041E+00  1.3250E-11  2.2548E-15  4.1025E+00
  2.0643E+00  4.2755E-06  5.4485E-07  4.1045E+00  1.3299E-11  2.2610E-15  4.1029E+00
  2.0744E+00  4.2994E-06  5.7201E-07  4.1043E+00  1.2910E-11  2.1694E-15  4.1027E+00
  2.0844E+00  5.2321E-06  5.8030E-07  4.1031E+00  1.3257E-11  2.3258E-15  4.1015E+00
  2.0931E+00  5.0014E-06  5.2526E-07  4.1024E+00  1.4349E-11  2.5929E-15  4.1006E+00
  2.0944E+00  4.7767E-06  5.1818E-07  4.1022E+00  1.4416E-11  2.5756E-15  4.1004E+00
  2.1044E+00  4.0927E-06  5.5098E-07  4.1007E+00  1.4040E-11  2.5136E-15  4.0990E+00
  2.1144E+00  5.4876E-06  8.6541E-07  4.1721E+00  1.5311E-11  2.9875E-15  4.1701E+00
  2.1245E+00  5.8007E-06  8.2444E-07  4.1726E+00  1.6741E-11  3.4503E-15  4.1704E+00
  2.1264E+00  5.5228E-06  8.1526E-07  4.1725E+00  1.6954E-11  3.5240E-15  4.1703E+00
  2.1345E+00  4.5954E-06  8.4081E-07  4.1724E+00  1.6865E-11  3.4111E-15  4.1702E+00
  2.1445E+00  5.0424E-06  8.4928E-07  4.1740E+00  1.6465E-11  3.3855E-15  4.1719E+00
  2.1545E+00  5.7724E-06  8.4447E-07  4.1756E+00  1.7573E-11  3.9286E-15  4.1734E+00
  2.1597E+00  5.3403E-06  8.0656E-07  4.1760E+00  1.8496E-11  4.1980E-15  4.1736E+00
  2.1645E+00  4.6254E-06  8.1527E-07  4.1764E+00  1.8605E-11  4.1772E-15  4.1740E+00
  2.1746E+00  4.6866E-06  8.3685E-07  4.1776E+00  1.7946E-11  4.0085E-15  4.1753E+00
  2.1846E+00  5.5224E-06  8.4284E-07  4.1787E+00  1.8526E-11  4.4076E-15  4.1764E+00
  2.1931E+00  5.2924E-06  7.9284E-07  4.1804E+00  2.0244E-11  5.0571E-15  4.1778E+00
  2.1946E+00  5.0574E-06  7.8559E-07  4.1803E+00  2.0366E-11  5.0296E-15  4.1777E+00
  2.2046E+00  4.4903E-06  8.1477E-07  4.1816E+00  1.9742E-11  4.8659E-15  4.1790E+00
  2.2147E+00  5.8650E-06  9.3548E-07  4.2818E+00  2.6792E-11  2.7252E-15  4.2777E+00
  2.2247E+00  6.1003E-06  8.9533E-07  4.2835E+00  2.9762E-11  3.3620E-15  4.2789E+00
  2.2264E+00  5.8745E-06  8.8838E-07  4.2836E+00  3.0207E-11  3.4076E-15  4.2789E+00
  2.2347E+00  5.0455E-06  9.1062E-07  4.2845E+00  3.0017E-11  3.1684E-15  4.2798E+00
  2.2447E+00  5.4657E-06  9.1542E-07  4.2861E+00  2.9165E-11  3.2670E-15  4.2816E+00
  2.2547E+00  6.1048E-06  9.0885E-07  4.2883E+00  3.1710E-11  4.0668E-15  4.2834E+00
  2.2597E+00  5.7155E-06  8.7538E-07  4.2894E+00  3.3637E-11  4.3449E-15  4.2841E+00
  2.2648E+00  5.0571E-06  8.8363E-07  4.2899E+00  3.3977E-11  4.1397E-15  4.2846E+00
  2.2748E+00  5.1462E-06  8.9923E-07  4.2920E+00  3.2402E-11  4.1542E-15  4.2870E+00
  2.2848E+00  5.8962E-06  9.0151E-07  4.2948E+00  3.3752E-11  4.9821E-15  4.2895E+00
  2.2931E+00  5.6707E-06  8.5556E-07  4.2976E+00  3.7461E-11  5.9255E-15  4.2918E+00
  2.2948E+00  5.4295E-06  8.4841E-07  4.2975E+00  3.7832E-11  5.7437E-15  4.2915E+00
  2.3048E+00  4.9624E-06  8.7390E-07  4.2998E+00  3.6370E-11  5.5883E-15  4.2941E+00
  2.3149E+00  6.2234E-06  8.0658E-07  4.3721E+00  4.7115E-11  2.5553E-16  4.3634E+00
  2.3249E+00  6.3937E-06  7.6761E-07  4.3751E+00  5.3546E-11  7.6220E-16  4.3653E+00
  2.3264E+00  6.2132E-06  7.6241E-07  4.3753E+00  5.4430E-11  6.8467E-16  4.3653E+00
  2.3349E+00  5.4718E-06  7.8199E-07  4.3767E+00  5.3906E-11  2.2088E-16  4.3667E+00
  2.3449E+00  5.8656E-06  7.8310E-07  4.3779E+00  5.1865E-11  9.7319E-16  4.3684E+00
  2.3550E+00  6.4251E-06  7.7332E-07  4.3802E+00  5.7536E-11  2.1004E-15  4.3696E+00
  2.3597E+00  6.0752E-06  7.4423E-07  4.3809E+00  6.1665E-11  2.0893E-15  4.3695E+00
  2.3650E+00  5.4693E-06  7.5239E-07  4.3810E+00  6.2474E-11  1.3520E-15  4.3695E+00
  2.3750E+00  5.5781E-06  7.6372E-07  4.3829E+00  5.8782E-11  2.1188E-15  4.3721E+00
  2.3850E+00  6.2507E-06  7.6276E-07  4.3859E+00  6.2031E-11  3.6820E-15  4.3745E+00
  2.3931E+00  6.0320E-06  7.2132E-07  4.3880E+00  7.0393E-11  4.6510E-15  4.3750E+00
  2.3950E+00  5.7882E-06  7.1473E-07  4.3874E+00  7.1383E-11  3.9301E-15  4.3742E+00
  2.4051E+00  5.4064E-06  7.3749E-07  4.3892E+00  6.7771E-11  4.1479E-15  4.3767E+00
  2.4151E+00  6.4893E-06  5.5126E-07  4.4033E+00  7.6325E-11 -2.3301E-15  4.3883E+00
  2.4251E+00  6.6060E-06  5.1477E-07  4.4052E+00  8.9569E-11 -1.9059E-15  4.3876E+00
  2.4264E+00  6.4645E-06  5.1094E-07  4.4054E+00  9.1151E-11 -2.1746E-15  4.3875E+00
  2.4351E+00  5.8024E-06  5.2838E-07  4.4067E+00  8.9705E-11 -3.1556E-15  4.3890E+00
  2.4451E+00  6.1707E-06  5.2695E-07  4.4084E+00  8.5449E-11 -9.7897E-16  4.3916E+00
  2.4552E+00  6.6598E-06  5.1366E-07  4.4118E+00  9.7588E-11  1.2458E-15  4.3927E+00
  2.4597E+00  6.3470E-06  4.8796E-07  4.4129E+00  1.0602E-10  8.5232E-16  4.3921E+00
  2.4652E+00  5.7912E-06  4.9527E-07  4.4137E+00  1.0754E-10 -1.1906E-15  4.3925E+00
  2.4752E+00  5.9153E-06  5.0437E-07  4.4147E+00  9.9319E-11  1.1815E-15  4.3952E+00
  2.4852E+00  6.5191E-06  5.0158E-07  4.4166E+00  1.0670E-10  4.7245E-15  4.3957E+00
  2.4931E+00  6.3098E-06  4.6311E-07  4.4191E+00  1.2493E-10  6.5947E-15  4.3947E+00
  2.4952E+00  6.0667E-06  4.5701E-07  4.4185E+00  1.2723E-10  4.3490E-15  4.3936E+00
  2.5053E+00  5.7586E-06  4.7590E-07  4.4204E+00  1.1845E-10  5.4983E-15  4.3972E+00
  2.5153E+00  6.6362E-06  2.5865E-07  4.3956E+00  1.1923E-10  4.8824E-15  4.3725E+00
  2.5253E+00  6.7086E-06  2.2359E-07  4.3981E+00  1.4676E-10  1.0309E-14  4.3697E+00
  2.5264E+00  6.6010E-06  2.2072E-07  4.3983E+00  1.4952E-10  1.0131E-14  4.3695E+00
  2.5353E+00  6.0108E-06  2.3576E-07  4.3997E+00  1.4558E-10  6.8423E-15  4.3715E+00
  2.5454E+00  6.3536E-06  2.3296E-07  4.4012E+00  1.3705E-10  1.1691E-14  4.3748E+00
  2.5554E+00  6.7789E-06  2.1739E-07  4.4041E+00  1.6363E-10  2.3690E-14  4.3727E+00
  2.5597E+00  6.5007E-06  1.9485E-07  4.4049E+00  1.8137E-10  2.6662E-14  4.3702E+00
  2.5654E+00  5.9923E-06  2.0136E-07  4.4058E+00  1.8403E-10  2.0576E-14  4.3705E+00
  2.5754E+00  6.1296E-06  2.1320E-07  4.4034E+00  1.6520E-10  2.4128E-14  4.3718E+00
  2.5854E+00  6.6732E-06  2.1351E-07  4.4015E+00  1.8213E-10  4.0058E-14  4.3670E+00
  2.5931E+00  6.4744E-06  1.7796E-07  4.4039E+00  2.2374E-10  5.9637E-14  4.3619E+00
  2.5955E+00  6.2350E-06  1.7253E-07  4.4033E+00  2.2920E-10  5.2662E-14  4.3602E+00
  2.6055E+00  5.9899E-06  1.8798E-07  4.4051E+00  2.0688E-10  5.0472E-14  4.3662E+00
  2.6155E+00  6.6700E-06  1.2700E-08  4.3654E+00  1.9825E-10  7.7952E-14  4.3299E+00
  2.6255E+00  6.7056E-06 -2.0822E-08  4.3676E+00  2.6273E-10  1.4608E-13  4.3216E+00
  2.6264E+00  6.6269E-06 -2.2965E-08  4.3679E+00  2.6806E-10  1.4967E-13  4.3210E+00
  2.6355E+00  6.1022E-06 -1.0188E-08  4.3694E+00  2.5640E-10  1.2616E-13  4.3242E+00
  2.6456E+00  6.4204E-06 -1.3888E-08  4.3709E+00  2.3688E-10  1.3300E-13  4.3294E+00
  2.6556E+00  6.7885E-06 -3.0663E-08  4.3730E+00  3.0298E-10  2.5225E-13  4.3217E+00
  2.6597E+00  6.5424E-06 -5.0285E-08  4.3736E+00  3.4710E-10  3.1571E-13  4.3158E+00
  2.6656E+00  6.0789E-06 -4.4625E-08  4.3746E+00  3.5252E-10  2.8592E-13  4.3154E+00
  2.6756E+00  6.2286E-06 -2.8721E-08  4.3718E+00  3.0157E-10  2.5715E-13  4.3213E+00
  2.6856E+00  6.7208E-06 -2.3399E-08  4.3690E+00  3.4608E-10  4.0893E-13  4.3139E+00
  2.6931E+00  6.5336E-06 -5.6064E-08  4.3711E+00  4.6351E-10  6.9965E-13  4.3028E+00
  2.6957E+00  6.3002E-06 -6.0736E-08  4.3707E+00  4.8151E-10  6.7146E-13  4.2990E+00
  2.7057E+00  6.1085E-06 -4.8562E-08  4.3725E+00  4.0851E-10  5.5879E-13  4.3103E+00
  2.7157E+00  6.6293E-06 -1.5279E-07  4.3458E+00  3.9136E-10  7.9518E-13  4.2960E+00
  2.7257E+00  6.6346E-06 -1.8515E-07  4.3482E+00  6.3416E-10  1.6598E-12  4.2913E+00
  2.7264E+00  6.5805E-06 -1.8671E-07  4.3484E+00  6.5379E-10  1.6952E-12  4.2901E+00
  2.7358E+00  6.1152E-06 -1.7620E-07  4.3502E+00  5.8957E-10  1.4447E-12  4.2919E+00
  2.7458E+00  6.4098E-06 -1.8076E-07  4.3518E+00  5.1259E-10  1.4127E-12  4.3041E+00
  2.7558E+00  6.7269E-06 -1.9804E-07  4.3537E+00  9.0567E-10  2.4371E-12  4.2991E+00
  2.7597E+00  6.5105E-06 -2.1504E-07  4.3543E+00  1.2955E-09  2.4793E-12  4.2537E+00
  2.7658E+00  6.0894E-06 -2.1024E-07  4.3552E+00  1.2904E-09  2.3211E-12  4.2480E+00
  2.7758E+00  6.2501E-06 -1.9221E-07  4.3546E+00  8.7557E-10  2.4523E-12  4.3082E+00
  2.7859E+00  6.6983E-06 -1.8317E-07  4.3536E+00  1.4439E-09  2.7038E-12  4.2570E+00
  2.7931E+00  6.5233E-06 -2.1306E-07  4.3555E+00  3.3665E-09 -1.5972E-13  4.0950E+00
  2.7959E+00  6.2981E-06 -2.1699E-07  4.3553E+00  3.4870E-09 -4.1270E-13  4.1037E+00
  2.8059E+00  6.1513E-06 -2.0806E-07  4.3573E+00  2.3364E-09  1.6160E-12  4.1403E+00
  2.8159E+00  6.5638E-06 -2.5322E-07  4.3472E+00  2.9832E-09  5.6382E-13  4.1007E+00
  2.8259E+00  6.5444E-06 -2.8471E-07  4.3497E+00  5.2399E-09  7.2459E-13  4.2755E+00
  2.8264E+00  6.5109E-06 -2.8577E-07  4.3499E+00  5.2619E-09  9.2344E-13  4.2805E+00
  2.8360E+00  6.0996E-06 -2.7754E-07  4.3518E+00  5.0564E-09 -7.0754E-13  4.2703E+00
  2.8460E+00  6.3715E-06 -2.8318E-07  4.3536E+00  4.8058E-09 -1.4493E-12  4.2629E+00
  2.8560E+00  6.6434E-06 -3.0046E-07  4.3555E+00  5.0505E-09  2.8437E-12  4.3257E+00
  2.8597E+00  6.4543E-06 -3.1507E-07  4.3561E+00  4.3164E-09  1.9970E-12  4.2141E+00
  2.8660E+00  6.0731E-06 -3.1124E-07  4.3572E+00  4.3932E-09  1.9519E-12  4.2255E+00
  2.8760E+00  6.2425E-06 -2.9491E-07  4.3596E+00  5.0738E-09  2.9395E-12  4.3466E+00
  2.8861E+00  6.6521E-06 -2.8569E-07  4.3617E+00  3.8441E-09  1.7828E-12  4.1883E+00
  2.8931E+00  6.4897E-06 -3.1297E-07  4.3633E+00  2.1826E-09  3.6858E-13  4.1382E+00
  2.8961E+00  6.2744E-06 -3.1629E-07  4.3635E+00  2.1191E-09  2.9603E-13  4.1414E+00
  2.9061E+00  6.1652E-06 -3.1068E-07  4.3659E+00  2.8707E-09  8.7858E-13  4.1400E+00
  2.9161E+00  6.5121E-06 -3.2552E-07  4.3648E+00  2.2974E-09  5.2217E-13  4.1440E+00
  2.9262E+00  6.4731E-06 -3.5623E-07  4.3672E+00  1.0746E-09 -6.2080E-14  4.2206E+00
  2.9264E+00  6.4566E-06 -3.5680E-07  4.3672E+00  1.0638E-09 -6.4903E-14  4.2218E+00
  2.9362E+00  6.0944E-06 -3.5096E-07  4.3693E+00  1.2504E-09 -1.1416E-14  4.2067E+00
  2.9462E+00  6.3441E-06 -3.5924E-07  4.3720E+00  1.3830E-09  6.4932E-14  4.1988E+00
  2.9562E+00  6.5763E-06 -3.7673E-07  4.3742E+00  7.5559E-10 -9.9433E-14  4.2639E+00
  2.9597E+00  6.4122E-06 -3.8925E-07  4.3748E+00  6.3381E-10 -1.1084E-13  4.2797E+00
  2.9662E+00  6.0687E-06 -3.8649E-07  4.3760E+00  6.5664E-10 -1.0978E-13  4.2782E+00
  2.9763E+00  6.2422E-06 -3.7712E-07  4.3806E+00  7.9475E-10 -8.8925E-14  4.2659E+00
  2.9863E+00  6.6158E-06 -3.7336E-07  4.3852E+00  5.6897E-10 -1.0965E-13  4.2984E+00
  2.9931E+00  6.4663E-06 -3.9836E-07  4.3869E+00  4.0660E-10 -1.0541E-13  4.3224E+00
  2.9963E+00  6.2623E-06 -4.0124E-07  4.3872E+00  4.0393E-10 -1.0436E-13  4.3233E+00
  3.0063E+00  6.1843E-06 -3.9866E-07  4.3895E+00  4.7990E-10 -1.0667E-13  4.3151E+00
  3.0163E+00  6.4909E-06 -4.0465E-07  4.3914E+00  4.1380E-10 -1.0303E-13  4.3264E+00
  3.0264E+00  6.4367E-06 -4.3468E-07  4.3940E+00  2.6994E-10 -8.4816E-14  4.3502E+00
  3.0364E+00  6.1167E-06 -4.3121E-07  4.3964E+00  2.8913E-10 -8.7319E-14  4.3497E+00
  3.0464E+00  6.3438E-06 -4.4436E-07  4.4005E+00  3.0113E-10 -9.0387E-14  4.3519E+00
  3.0564E+00  6.5412E-06 -4.6263E-07  4.4031E+00  2.1037E-10 -7.3575E-14  4.3684E+00
  3.0597E+00  6.4002E-06 -4.7338E-07  4.4036E+00  1.9104E-10 -6.8193E-14  4.3720E+00
  3.0664E+00  6.0921E-06 -4.7195E-07  4.4050E+00  1.9730E-10 -6.8324E-14  4.3725E+00
  3.0765E+00  6.2638E-06 -4.7351E-07  4.4109E+00  2.1857E-10 -7.5343E-14  4.3749E+00
  3.0865E+00  6.6015E-06 -4.7995E-07  4.4171E+00  1.7563E-10 -6.6685E-14  4.3877E+00
  3.0931E+00  6.4652E-06 -5.0334E-07  4.4187E+00  1.4309E-10 -5.6469E-14  4.3945E+00
  3.0965E+00  6.2736E-06 -5.0625E-07  4.4192E+00  1.4354E-10 -5.5397E-14  4.3950E+00
  3.1065E+00  6.2213E-06 -5.0711E-07  4.4213E+00  1.5955E-10 -6.1001E-14  4.3946E+00
  3.1166E+00  6.4979E-06 -5.1368E-07  4.4237E+00  1.4297E-10 -5.7096E-14  4.3997E+00
  3.1264E+00  6.4411E-06 -5.4290E-07  4.4262E+00  1.0779E-10 -4.4971E-14  4.4079E+00
  3.1266E+00  6.4323E-06 -5.4328E-07  4.4262E+00  1.1052E-10 -4.5308E-14  4.4075E+00
  3.1366E+00  6.1646E-06 -5.4312E-07  4.4285E+00  1.1631E-10 -4.7258E-14  4.4089E+00
  3.1466E+00  6.3695E-06 -5.5857E-07  4.4313E+00  1.1839E-10 -4.8370E-14  4.4114E+00
  3.1566E+00  6.5366E-06 -5.7828E-07  4.4339E+00  9.1366E-11 -3.9256E-14  4.4184E+00
  3.1597E+00  6.4164E-06 -5.8763E-07  4.4344E+00  8.5828E-11 -3.6784E-14  4.4199E+00
  3.1667E+00  6.1415E-06 -5.8770E-07  4.4358E+00  8.8546E-11 -3.6891E-14  4.4209E+00
  3.1767E+00  6.3059E-06 -5.9912E-07  4.4409E+00  9.4130E-11 -4.0131E-14  4.4250E+00
  3.1867E+00  6.6070E-06 -6.1509E-07  4.4464E+00  7.9264E-11 -3.5460E-14  4.4329E+00
  3.1931E+00  6.4837E-06 -6.3677E-07  4.4480E+00  6.8540E-11 -3.0780E-14  4.4363E+00
  3.1967E+00  6.3053E-06 -6.3979E-07  4.4487E+00  6.9157E-11 -3.0222E-14  4.4369E+00
  3.2067E+00  6.2744E-06 -6.4311E-07  4.4508E+00  7.4422E-11 -3.2976E-14  4.4382E+00
  3.2168E+00  6.5250E-06 -6.5165E-07  4.4533E+00  6.7782E-11 -3.1055E-14  4.4418E+00
  3.2264E+00  6.4697E-06 -6.7967E-07  4.4557E+00  5.4833E-11 -2.5384E-14  4.4464E+00
  3.2268E+00  6.4521E-06 -6.8049E-07  4.4558E+00  5.6037E-11 -2.5464E-14  4.4463E+00
  3.2368E+00  6.2301E-06 -6.8284E-07  4.4580E+00  5.8386E-11 -2.6508E-14  4.4482E+00
  3.2468E+00  6.4201E-06 -6.8815E-07  4.4554E+00  5.9089E-11 -2.6244E-14  4.4455E+00
  3.2568E+00  6.6214E-06 -7.0772E-07  4.4581E+00  4.9025E-11 -2.2303E-14  4.4499E+00
  3.2669E+00  6.4095E-06 -7.2489E-07  4.4605E+00  4.3445E-11 -1.9144E-14  4.4532E+00
  3.2769E+00  6.3633E-06 -7.3595E-07  4.4629E+00  4.3167E-11 -1.8833E-14  4.4558E+00
  3.2969E+00  6.3911E-06 -7.6392E-07  4.4679E+00  4.3255E-11 -1.8611E-14  4.4608E+00
