  0.0000E+00 -6.3282E-09  1.5514E-06  2.4122E-01  1.1889E+03  1.2500E-01 -3.9129E-03
  1.5981E-02  7.0000E-02  1.2806E-06  2.5329E-01  2.7131E+00  2.4095E-01  2.7021E+00
  2.0054E-02  8.3984E-02  5.2730E-05  2.7454E-01  7.7640E+00  1.9164E+00  7.5906E+00
  3.0063E-02  1.1823E-01  2.9987E-04  3.8906E-01  1.3951E+01  3.4851E+00  1.3800E+01
  4.0084E-02  1.5250E-01  4.4794E-04  5.1137E-01  8.9683E+00  3.6978E+00  8.8384E+00
  5.0106E-02  1.8650E-01  4.8605E-04  5.6290E-01  2.5343E+00  3.6369E+00  2.3226E+00
  6.0126E-02  2.2023E-01  4.6289E-04  5.8101E-01  2.2253E+00  3.5610E+00  2.1048E+00
  7.0147E-02  2.5386E-01  3.9918E-04  6.1642E-01  5.0892E+00  3.5094E+00  5.0563E+00
  8.0168E-02  2.8745E-01  2.8541E-04  6.7849E-01  6.8217E+00  3.4682E+00  6.8032E+00
  9.0189E-02  3.2104E-01  1.1216E-04  7.4635E-01  6.4824E+00  3.4510E+00  6.4664E+00
  1.0021E-01  3.5464E-01 -1.0688E-04  8.0742E-01  5.6788E+00  3.4656E+00  5.6629E+00
  1.1023E-01  3.8823E-01 -3.5334E-04  8.6051E-01  4.8918E+00  3.4998E+00  4.8753E+00
  1.2025E-01  4.2182E-01 -6.0906E-04  9.0553E-01  4.1038E+00  3.5440E+00  4.0855E+00
  1.3027E-01  4.5541E-01 -8.5739E-04  9.4268E-01  3.3597E+00  3.6083E+00  3.3384E+00
  1.4029E-01  4.8901E-01 -1.0855E-03  9.7268E-01  2.7165E+00  3.6812E+00  2.6906E+00
  1.5031E-01  5.2257E-01 -1.2851E-03  9.9674E-01  2.2067E+00  3.7512E+00  2.1751E+00
  1.6034E-01  5.5619E-01 -1.4534E-03  1.0163E+00  1.8349E+00  3.8118E+00  1.7971E+00
  1.7036E-01  5.8978E-01 -1.5902E-03  1.0327E+00  1.5874E+00  3.8576E+00  1.5439E+00
  1.8038E-01  6.2337E-01 -1.6983E-03  1.0471E+00  1.4367E+00  3.8882E+00  1.3891E+00
  1.9040E-01  6.5696E-01 -1.7816E-03  1.0603E+00  1.3541E+00  3.9098E+00  1.3042E+00
  2.0042E-01  6.9055E-01 -1.8442E-03  1.0729E+00  1.3156E+00  3.9255E+00  1.2651E+00
  2.1044E-01  7.2414E-01 -1.8899E-03  1.0854E+00  1.3041E+00  3.9391E+00  1.2539E+00
  2.2046E-01  7.5773E-01 -1.9219E-03  1.0978E+00  1.3090E+00  3.9518E+00  1.2598E+00
  2.3048E-01  7.9132E-01 -1.9428E-03  1.1104E+00  1.3232E+00  3.9631E+00  1.2754E+00
  2.4051E-01  8.2491E-01 -1.9547E-03  1.1231E+00  1.3426E+00  3.9742E+00  1.2963E+00
  2.5053E-01  8.5850E-01 -1.9594E-03  1.1361E+00  1.3642E+00  3.9855E+00  1.3195E+00
  2.6055E-01  8.9209E-01 -1.9581E-03  1.1494E+00  1.3876E+00  3.9977E+00  1.3444E+00
  2.7057E-01  9.2568E-01 -1.9517E-03  1.1629E+00  1.4115E+00  4.0108E+00  1.3698E+00
  2.8059E-01  9.5927E-01 -1.9410E-03  1.1766E+00  1.4351E+00  4.0244E+00  1.3948E+00
  2.9061E-01  9.9286E-01 -1.9265E-03  1.1906E+00  1.4588E+00  4.0384E+00  1.4198E+00
  3.0063E-01  1.0265E+00 -1.9088E-03  1.2049E+00  1.4821E+00  4.0535E+00  1.4443E+00
  3.1065E-01  1.0600E+00 -1.8880E-03  1.2194E+00  1.5047E+00  4.0693E+00  1.4681E+00
  3.2067E-01  1.0936E+00 -1.8646E-03  1.2341E+00  1.5269E+00  4.0859E+00  1.4915E+00
  3.3069E-01  1.1272E+00 -1.8387E-03  1.2491E+00  1.5485E+00  4.1029E+00  1.5142E+00
  3.4072E-01  1.1608E+00 -1.8105E-03  1.2643E+00  1.5695E+00  4.1196E+00  1.5361E+00
  3.5074E-01  1.1944E+00 -1.7803E-03  1.2797E+00  1.5899E+00  4.1369E+00  1.5576E+00
  3.6076E-01  1.2280E+00 -1.7481E-03  1.2954E+00  1.6098E+00  4.1541E+00  1.5784E+00
  3.7078E-01  1.2616E+00 -1.7142E-03  1.3112E+00  1.6290E+00  4.1709E+00  1.5985E+00
  3.8080E-01  1.2952E+00 -1.6786E-03  1.3272E+00  1.6478E+00  4.1880E+00  1.6181E+00
  3.9082E-01  1.3288E+00 -1.6414E-03  1.3435E+00  1.6660E+00  4.2050E+00  1.6371E+00
  4.0084E-01  1.3624E+00 -1.6027E-03  1.3599E+00  1.6836E+00  4.2222E+00  1.6554E+00
  4.1086E-01  1.3959E+00 -1.5626E-03  1.3765E+00  1.7008E+00  4.2393E+00  1.6734E+00
  4.2088E-01  1.4295E+00 -1.5212E-03  1.3932E+00  1.7174E+00  4.2562E+00  1.6907E+00
  4.3091E-01  1.4631E+00 -1.4785E-03  1.4102E+00  1.7335E+00  4.2728E+00  1.7075E+00
  4.4093E-01  1.4967E+00 -1.4346E-03  1.4273E+00  1.7492E+00  4.2893E+00  1.7238E+00
  4.5095E-01  1.5303E+00 -1.3894E-03  1.4446E+00  1.7644E+00  4.3042E+00  1.7397E+00
  4.6097E-01  1.5639E+00 -1.3418E-03  1.4620E+00  1.7791E+00  4.3210E+00  1.7550E+00
  4.7099E-01  1.5975E+00 -1.2933E-03  1.4796E+00  1.7935E+00  4.3369E+00  1.7700E+00
  4.8101E-01  1.6311E+00 -1.2439E-03  1.4973E+00  1.8074E+00  4.3524E+00  1.7845E+00
  4.9103E-01  1.6647E+00 -1.1936E-03  1.5152E+00  1.8210E+00  4.3677E+00  1.7986E+00
  5.0105E-01  1.6983E+00 -1.1425E-03  1.5332E+00  1.8342E+00  4.3828E+00  1.8124E+00
  5.1107E-01  1.7318E+00 -1.0906E-03  1.5513E+00  1.8470E+00  4.3976E+00  1.8257E+00
  5.2110E-01  1.7654E+00 -1.0380E-03  1.5696E+00  1.8595E+00  4.4120E+00  1.8387E+00
  5.3112E-01  1.7990E+00 -9.8469E-04  1.5880E+00  1.8715E+00  4.4263E+00  1.8512E+00
  5.4114E-01  1.8326E+00 -9.3065E-04  1.6065E+00  1.8833E+00  4.4406E+00  1.8634E+00
  5.5116E-01  1.8662E+00 -8.7594E-04  1.6251E+00  1.8948E+00  4.4548E+00  1.8754E+00
  5.6118E-01  1.8998E+00 -8.2057E-04  1.6439E+00  1.9060E+00  4.4689E+00  1.8870E+00
  5.7120E-01  1.9334E+00 -7.6457E-04  1.6628E+00  1.9168E+00  4.4828E+00  1.8983E+00
  5.8122E-01  1.9670E+00 -7.0794E-04  1.6818E+00  1.9274E+00  4.4966E+00  1.9093E+00
  5.9124E-01  2.0006E+00 -6.5072E-04  1.7009E+00  1.9378E+00  4.5103E+00  1.9200E+00
  6.0126E-01  2.0342E+00 -5.9293E-04  1.7201E+00  1.9477E+00  4.5239E+00  1.9304E+00
  6.1128E-01  2.0677E+00 -5.3459E-04  1.7394E+00  1.9575E+00  4.5376E+00  1.9405E+00
  6.2131E-01  2.1013E+00 -4.7572E-04  1.7588E+00  1.9671E+00  4.5509E+00  1.9505E+00
  6.3133E-01  2.1349E+00 -4.1633E-04  1.7783E+00  1.9764E+00  4.5641E+00  1.9601E+00
  6.4135E-01  2.1685E+00 -3.5647E-04  1.7979E+00  1.9855E+00  4.5768E+00  1.9695E+00
  6.5137E-01  2.2021E+00 -2.9614E-04  1.8176E+00  1.9944E+00  4.5894E+00  1.9788E+00
  6.6139E-01  2.2357E+00 -2.3538E-04  1.8373E+00  2.0031E+00  4.6018E+00  1.9877E+00
  6.7141E-01  2.2693E+00 -1.7420E-04  1.8572E+00  2.0115E+00  4.6141E+00  1.9965E+00
  6.8143E-01  2.3029E+00 -1.1263E-04  1.8772E+00  2.0198E+00  4.6262E+00  2.0051E+00
  6.9145E-01  2.3365E+00 -5.0656E-05  1.8972E+00  2.0278E+00  4.6380E+00  2.0134E+00
  7.0147E-01  2.3701E+00  1.1681E-05  1.9173E+00  2.0356E+00  4.6500E+00  2.0215E+00
  7.1150E-01  2.4036E+00  7.4373E-05  1.9375E+00  2.0433E+00  4.6616E+00  2.0295E+00
  7.2152E-01  2.4372E+00  1.3740E-04  1.9578E+00  2.0508E+00  4.6731E+00  2.0372E+00
  7.3154E-01  2.4708E+00  2.0076E-04  1.9782E+00  2.0582E+00  4.6843E+00  2.0448E+00
  7.4156E-01  2.5044E+00  2.6443E-04  1.9986E+00  2.0653E+00  4.6953E+00  2.0522E+00
  7.5158E-01  2.5380E+00  3.2838E-04  2.0191E+00  2.0723E+00  4.7062E+00  2.0595E+00
  7.6160E-01  2.5716E+00  3.9263E-04  2.0397E+00  2.0792E+00  4.7169E+00  2.0666E+00
  7.7162E-01  2.6052E+00  4.5715E-04  2.0603E+00  2.0859E+00  4.7275E+00  2.0735E+00
  7.8164E-01  2.6388E+00  5.2193E-04  2.0810E+00  2.0924E+00  4.7380E+00  2.0803E+00
  7.9166E-01  2.6724E+00  5.8698E-04  2.1018E+00  2.0988E+00  4.7485E+00  2.0869E+00
  8.0169E-01  2.7060E+00  6.5228E-04  2.1227E+00  2.1051E+00  4.7588E+00  2.0934E+00
  8.1171E-01  2.7395E+00  7.1781E-04  2.1436E+00  2.1112E+00  4.7690E+00  2.0998E+00
  8.2173E-01  2.7731E+00  7.8359E-04  2.1646E+00  2.1172E+00  4.7792E+00  2.1060E+00
  8.3175E-01  2.8067E+00  8.4959E-04  2.1856E+00  2.1231E+00  4.7893E+00  2.1121E+00
  8.4177E-01  2.8403E+00  9.1581E-04  2.2067E+00  2.1289E+00  4.7994E+00  2.1180E+00
  8.5179E-01  2.8739E+00  9.8225E-04  2.2279E+00  2.1345E+00  4.8094E+00  2.1238E+00
  8.6181E-01  2.9075E+00  1.0489E-03  2.2491E+00  2.1400E+00  4.8193E+00  2.1295E+00
  8.7183E-01  2.9411E+00  1.1157E-03  2.2703E+00  2.1454E+00  4.8293E+00  2.1351E+00
  8.8182E-01  2.9746E+00  1.1826E-03  2.2916E+00  2.1507E+00  4.8392E+00  2.1406E+00
  8.9187E-01  3.0083E+00  1.2500E-03  2.3130E+00  2.1559E+00  4.8493E+00  2.1459E+00
  8.9405E-01  3.0156E+00  1.2647E-03  2.3177E+00  2.1570E+00  4.8515E+00  2.1471E+00
  9.0190E-01  3.0419E+00  1.3174E-03  2.3345E+00  2.1610E+00  4.8593E+00  2.1512E+00
  9.1192E-01  3.0754E+00  1.3850E-03  2.3560E+00  2.1660E+00  4.8696E+00  2.1563E+00
  9.2194E-01  3.1090E+00  1.4528E-03  2.3775E+00  2.1709E+00  4.8795E+00  2.1614E+00
  9.3196E-01  3.1426E+00  1.5208E-03  2.3991E+00  2.1756E+00  4.8894E+00  2.1663E+00
  9.4198E-01  3.1762E+00  1.5889E-03  2.4207E+00  2.1804E+00  4.8992E+00  2.1712E+00
  9.5200E-01  3.2098E+00  1.6571E-03  2.4424E+00  2.1850E+00  4.9090E+00  2.1759E+00
  9.6202E-01  3.2434E+00  1.7256E-03  2.4641E+00  2.1895E+00  4.9188E+00  2.1806E+00
  9.7204E-01  3.2770E+00  1.7941E-03  2.4859E+00  2.1940E+00  4.9286E+00  2.1852E+00
  9.8030E-01  3.3047E+00  1.8507E-03  2.5039E+00  2.1975E+00  4.9366E+00  2.1889E+00
  9.8206E-01  3.3106E+00  1.8628E-03  2.5077E+00  2.1983E+00  4.9383E+00  2.1897E+00
  9.9208E-01  3.3442E+00  1.9317E-03  2.5296E+00  2.2026E+00  4.9481E+00  2.1941E+00
  1.0021E+00  3.3778E+00  2.0006E-03  2.5515E+00  2.2068E+00  4.9580E+00  2.1984E+00
  1.0121E+00  3.4114E+00  2.0697E-03  2.5734E+00  2.2109E+00  4.9680E+00  2.2027E+00
  1.0221E+00  3.4449E+00  2.1389E-03  2.5954E+00  2.2150E+00  4.9782E+00  2.2069E+00
  1.0322E+00  3.4785E+00  2.2083E-03  2.6175E+00  2.2190E+00  4.9880E+00  2.2110E+00
  1.0422E+00  3.5121E+00  2.2777E-03  2.6395E+00  2.2229E+00  4.9978E+00  2.2150E+00
  1.0522E+00  3.5457E+00  2.3473E-03  2.6617E+00  2.2267E+00  5.0078E+00  2.2190E+00
  1.0622E+00  3.5793E+00  2.4169E-03  2.6838E+00  2.2305E+00  5.0179E+00  2.2229E+00
  1.0723E+00  3.6129E+00  2.4867E-03  2.7060E+00  2.2342E+00  5.0281E+00  2.2267E+00
  1.0823E+00  3.6465E+00  2.5565E-03  2.7282E+00  2.2379E+00  5.0379E+00  2.2304E+00
  1.0923E+00  3.6801E+00  2.6264E-03  2.7505E+00  2.2415E+00  5.0479E+00  2.2341E+00
  1.1023E+00  3.7137E+00  2.6964E-03  2.7728E+00  2.2450E+00  5.0579E+00  2.2377E+00
  1.1123E+00  3.7473E+00  2.7665E-03  2.7951E+00  2.2484E+00  5.0681E+00  2.2413E+00
  1.1224E+00  3.7808E+00  2.8367E-03  2.8175E+00  2.2519E+00  5.0784E+00  2.2448E+00
  1.1324E+00  3.8144E+00  2.9069E-03  2.8399E+00  2.2552E+00  5.0881E+00  2.2483E+00
  1.1424E+00  3.8480E+00  2.9772E-03  2.8624E+00  2.2585E+00  5.0979E+00  2.2516E+00
  1.1524E+00  3.8816E+00  3.0475E-03  2.8848E+00  2.2617E+00  5.1079E+00  2.2550E+00
  1.1624E+00  3.9152E+00  3.1178E-03  2.9074E+00  2.2649E+00  5.1179E+00  2.2582E+00
  1.1725E+00  3.9488E+00  3.1882E-03  2.9299E+00  2.2681E+00  5.1281E+00  2.2615E+00
  1.1825E+00  3.9824E+00  3.2585E-03  2.9525E+00  2.2711E+00  5.1380E+00  2.2646E+00
  1.1925E+00  4.0160E+00  3.3288E-03  2.9751E+00  2.2742E+00  5.1479E+00  2.2677E+00
  1.2025E+00  4.0496E+00  3.3992E-03  2.9979E+00  2.3209E+00  5.2108E+00  2.3146E+00
  1.2125E+00  4.0832E+00  3.4704E-03  3.0216E+00  2.4776E+00  5.4655E+00  2.4711E+00
  1.2226E+00  4.1167E+00  3.5432E-03  3.0469E+00  2.4399E+00  5.3655E+00  2.4337E+00
  1.2326E+00  4.1503E+00  3.6028E-03  3.0608E+00  2.3405E-01  4.1506E+00 -1.9228E-01
  1.2426E+00  4.1839E+00  3.6214E-03  3.0410E+00  3.2966E+00  5.6846E+00 -3.2917E+00
  1.2526E+00  4.2175E+00  3.6217E-03  3.0100E+00  2.2170E+00  9.4737E+00 -2.1978E+00
  1.2597E+00  4.2413E+00  3.6368E-03  3.0018E+00  3.7560E-01  8.3871E+00 -2.7642E-01
  1.2627E+00  4.2511E+00  3.6464E-03  3.0013E+00  2.6229E-01  6.7261E+00 -1.6596E-01
  1.2727E+00  4.2846E+00  3.6676E-03  2.9898E+00  2.4017E+00  5.5627E+00 -2.3960E+00
  1.2827E+00  4.3182E+00  3.6630E-03  2.9610E+00  2.7150E+00  8.2649E+00 -2.7044E+00
  1.2927E+00  4.3517E+00  3.6701E-03  2.9462E+00  3.7032E-01  8.6703E+00 -2.7596E-01
  1.2931E+00  4.3529E+00  3.6709E-03  2.9462E+00  3.3369E-01  8.4886E+00 -2.3011E-01
  1.3027E+00  4.3853E+00  3.6870E-03  2.9409E+00  1.4557E+00  5.3805E+00 -1.4479E+00
  1.3128E+00  4.4188E+00  3.6768E-03  2.9168E+00  2.8689E+00  6.9632E+00 -2.8625E+00
  1.3228E+00  4.4523E+00  3.6643E-03  2.8959E+00  9.9556E-01  9.2791E+00 -9.6353E-01
  1.3264E+00  4.4645E+00  3.6654E-03  2.8938E+00  3.7136E-01  7.8889E+00 -3.0493E-01
  1.3328E+00  4.4859E+00  3.6688E-03  2.8914E+00  7.3671E-01  5.2769E+00 -7.2315E-01
  1.3428E+00  4.5194E+00  3.6537E-03  2.8738E+00  2.6053E+00  6.6513E+00 -2.5995E+00
  1.3528E+00  4.5529E+00  3.6292E-03  2.8497E+00  1.7170E+00  1.0485E+01 -1.6957E+00
  1.3597E+00  4.5760E+00  3.6222E-03  2.8431E+00  4.0784E-01  9.3217E+00 -3.3160E-01
  1.3629E+00  4.5864E+00  3.6216E-03  2.8423E+00  3.4265E-01  7.6371E+00 -2.8253E-01
  1.3729E+00  4.6199E+00  3.6088E-03  2.8315E+00  2.0267E+00  6.6915E+00 -2.0198E+00
  1.3829E+00  4.6535E+00  3.5751E-03  2.8079E+00  2.1908E+00  9.3063E+00 -2.1788E+00
  1.3929E+00  4.6870E+00  3.5507E-03  2.7955E+00  4.2272E-01  9.4074E+00 -3.5584E-01
  1.3931E+00  4.6874E+00  3.5505E-03  2.7954E+00  4.1124E-01  9.3381E+00 -3.4326E-01
  1.4029E+00  4.7205E+00  3.5347E-03  2.7891E+00  1.3777E+00  6.4212E+00 -1.3691E+00
  1.4130E+00  4.7540E+00  3.4984E-03  2.7682E+00  2.4215E+00  8.0666E+00 -2.4140E+00
  1.4230E+00  4.7875E+00  3.4616E-03  2.7502E+00  9.4562E-01  1.0088E+01 -9.1603E-01
  1.4264E+00  4.7989E+00  3.4537E-03  2.7479E+00  5.0301E-01  8.8019E+00 -4.5975E-01
  1.4330E+00  4.8209E+00  3.4409E-03  2.7444E+00  8.6225E-01  6.2495E+00 -8.5014E-01
  1.4430E+00  4.8544E+00  3.4075E-03  2.7277E+00  2.2990E+00  7.7041E+00 -2.2923E+00
  1.4531E+00  4.8879E+00  3.3657E-03  2.7066E+00  1.5417E+00  1.1280E+01 -1.5208E+00
  1.4597E+00  4.9103E+00  3.3461E-03  2.7002E+00  5.5094E-01  1.0106E+01 -5.0297E-01
  1.4631E+00  4.9214E+00  3.3391E-03  2.6986E+00  5.2319E-01  8.4140E+00 -4.8874E-01
  1.4731E+00  4.9549E+00  3.3114E-03  2.6872E+00  1.8923E+00  7.6690E+00 -1.8848E+00
  1.4831E+00  4.9884E+00  3.2680E-03  2.6659E+00  1.9601E+00  1.0200E+01 -1.9476E+00
  1.4931E+00  5.0216E+00  3.2329E-03  2.6540E+00  5.6341E-01  1.0095E+01 -5.2026E-01
  1.5032E+00  5.0554E+00  3.2062E-03  2.6461E+00  1.3981E+00  7.3549E+00 -1.3893E+00
  1.5132E+00  5.0888E+00  3.1646E-03  2.6266E+00  2.1844E+00  9.0018E+00 -2.1763E+00
  1.5232E+00  5.1223E+00  3.1224E-03  2.6100E+00  9.7177E-01  1.0751E+01 -9.4585E-01
  1.5264E+00  5.1330E+00  3.1125E-03  2.6076E+00  6.4697E-01  9.5830E+00 -6.1585E-01
  1.5332E+00  5.1558E+00  3.0945E-03  2.6028E+00  9.8073E-01  7.1128E+00 -9.6974E-01
  1.5432E+00  5.1893E+00  3.0577E-03  2.5866E+00  2.1077E+00  8.4674E+00 -2.1006E+00
  1.5533E+00  5.2227E+00  3.0132E-03  2.5674E+00  1.4413E+00  1.1618E+01 -1.4222E+00
  1.5597E+00  5.2443E+00  2.9908E-03  2.5610E+00  6.6923E-01  1.0469E+01 -6.3552E-01
  1.5633E+00  5.2562E+00  2.9813E-03  2.5588E+00  6.6501E-01  8.8004E+00 -6.4133E-01
  1.5733E+00  5.2897E+00  2.9501E-03  2.5470E+00  1.7902E+00  8.2340E+00 -1.7828E+00
  1.5833E+00  5.3231E+00  2.9066E-03  2.5275E+00  1.7933E+00  1.0632E+01 -1.7812E+00
  1.5931E+00  5.3557E+00  2.8699E-03  2.5160E+00  6.7221E-01  1.0424E+01 -6.4093E-01
  1.5933E+00  5.3566E+00  2.8691E-03  2.5158E+00  6.5883E-01  1.0303E+01 -6.2763E-01
  1.6034E+00  5.3901E+00  2.8401E-03  2.5070E+00  1.3917E+00  7.8967E+00 -1.3834E+00
  1.6134E+00  5.4235E+00  2.7994E-03  2.4888E+00  1.9955E+00  9.5105E+00 -1.9872E+00
  1.6234E+00  5.4570E+00  2.7577E-03  2.4734E+00  9.7807E-01  1.1004E+01 -9.5559E-01
  1.6264E+00  5.4670E+00  2.7479E-03  2.4709E+00  7.3651E-01  9.9628E+00 -7.1198E-01
  1.6334E+00  5.4905E+00  2.7282E-03  2.4654E+00  1.0431E+00  7.6141E+00 -1.0332E+00
  1.6435E+00  5.5239E+00  2.6926E-03  2.4497E+00  1.9451E+00  8.8332E+00 -1.9381E+00
  1.6535E+00  5.5574E+00  2.6483E-03  2.4321E+00  1.3532E+00  1.1533E+01 -1.3362E+00
  1.6597E+00  5.5783E+00  2.6254E-03  2.4259E+00  7.4137E-01  1.0441E+01 -7.1592E-01
  1.6635E+00  5.5908E+00  2.6142E-03  2.4233E+00  7.5302E-01  8.8345E+00 -7.3524E-01
  1.6735E+00  5.6243E+00  2.5820E-03  2.4113E+00  1.6910E+00  8.4344E+00 -1.6839E+00
  1.6835E+00  5.6578E+00  2.5398E-03  2.3933E+00  1.6522E+00  1.0656E+01 -1.6409E+00
  1.6931E+00  5.6896E+00  2.5036E-03  2.3824E+00  7.3779E-01  1.0377E+01 -7.1370E-01
  1.6936E+00  5.6912E+00  2.5020E-03  2.3820E+00  7.1979E-01  1.0183E+01 -6.9603E-01
  1.7036E+00  5.7247E+00  2.4721E-03  2.3728E+00  1.3644E+00  8.0893E+00 -1.3566E+00
  1.7136E+00  5.7581E+00  2.4331E-03  2.3557E+00  1.8344E+00  9.6762E+00 -1.8264E+00
  1.7236E+00  5.7916E+00  2.3925E-03  2.3413E+00  9.6890E-01  1.0925E+01 -9.4951E-01
  1.7264E+00  5.8009E+00  2.3832E-03  2.3389E+00  7.8766E-01  1.0017E+01 -7.6761E-01
  1.7336E+00  5.8251E+00  2.3625E-03  2.3329E+00  1.0694E+00  7.8360E+00 -1.0605E+00
  1.7437E+00  5.8585E+00  2.3282E-03  2.3179E+00  1.8028E+00  8.8889E+00 -1.7961E+00
  1.7537E+00  5.8920E+00  2.2887E-03  2.3016E+00  1.2737E+00  1.1136E+01 -1.2590E+00
  1.7597E+00  5.9122E+00  2.2683E-03  2.2956E+00  7.8277E-01  1.0121E+01 -7.6298E-01
  1.7637E+00  5.9254E+00  2.2575E-03  2.2927E+00  8.0568E-01  8.6067E+00 -7.9187E-01
  1.7737E+00  5.9589E+00  2.2287E-03  2.2808E+00  1.5970E+00  8.3526E+00 -1.5905E+00
  1.7837E+00  5.9923E+00  2.1917E-03  2.2641E+00  1.5309E+00  1.0371E+01 -1.5206E+00
  1.7931E+00  6.0234E+00  2.1599E-03  2.2537E+00  7.7562E-01  1.0045E+01 -7.5668E-01
  1.7938E+00  6.0258E+00  2.1579E-03  2.2532E+00  7.5585E-01  9.7917E+00 -7.3738E-01
  1.8038E+00  6.0592E+00  2.1314E-03  2.2438E+00  1.3261E+00  8.0069E+00 -1.3192E+00
  1.8138E+00  6.0927E+00  2.0971E-03  2.2277E+00  1.6943E+00  9.6561E+00 -1.6865E+00
  1.8238E+00  6.1261E+00  2.0605E-03  2.2142E+00  9.5034E-01  1.0679E+01 -9.3349E-01
  1.8264E+00  6.1347E+00  2.0525E-03  2.2120E+00  8.1373E-01  9.9008E+00 -7.9681E-01
  1.8339E+00  6.1596E+00  2.0329E-03  2.2056E+00  1.0732E+00  7.9086E+00 -1.0651E+00
  1.8439E+00  6.1930E+00  2.0024E-03  2.1913E+00  1.6770E+00  8.8203E+00 -1.6706E+00
  1.8539E+00  6.2265E+00  1.9649E-03  2.1761E+00  1.2021E+00  1.0681E+01 -1.1892E+00
  1.8597E+00  6.2460E+00  1.9456E-03  2.1705E+00  8.0460E-01  9.7477E+00 -7.8854E-01
  1.8639E+00  6.2599E+00  1.9342E-03  2.1673E+00  8.3557E-01  8.3382E+00 -8.2431E-01
  1.8739E+00  6.2934E+00  1.9065E-03  2.1556E+00  1.5091E+00  8.2073E+00 -1.5032E+00
  1.8840E+00  6.3268E+00  1.8719E-03  2.1400E+00  1.4251E+00  1.0022E+01 -1.4158E+00
  1.8931E+00  6.3572E+00  1.8422E-03  2.1303E+00  7.9539E-01  9.6661E+00 -7.7988E-01
  1.8940E+00  6.3603E+00  1.8397E-03  2.1296E+00  7.7559E-01  9.3681E+00 -7.6065E-01
  1.9040E+00  6.3937E+00  1.8143E-03  2.1201E+00  1.2822E+00  7.8671E+00 -1.2759E+00
  1.9140E+00  6.4271E+00  1.7821E-03  2.1050E+00  1.5693E+00  9.7475E+00 -1.5615E+00
  1.9240E+00  6.4606E+00  1.7471E-03  2.0924E+00  9.2501E-01  1.0565E+01 -9.0950E-01
  1.9264E+00  6.4685E+00  1.7400E-03  2.0904E+00  8.2188E-01  9.9083E+00 -8.0654E-01
  1.9341E+00  6.4940E+00  1.7201E-03  2.0837E+00  1.0609E+00  8.1076E+00 -1.0530E+00
  1.9441E+00  6.5275E+00  1.6915E-03  2.0701E+00  1.5625E+00  8.9192E+00 -1.5561E+00
  1.9541E+00  6.5609E+00  1.6578E-03  2.0560E+00  1.1351E+00  1.0480E+01 -1.1230E+00
  1.9597E+00  6.5797E+00  1.6410E-03  2.0507E+00  8.1092E-01  9.6240E+00 -7.9662E-01
  1.9641E+00  6.5944E+00  1.6302E-03  2.0472E+00  8.4739E-01  8.3172E+00 -8.3721E-01
  1.9741E+00  6.6278E+00  1.6060E-03  2.0359E+00  1.4242E+00  8.2868E+00 -1.4182E+00
  1.9842E+00  6.6613E+00  1.5766E-03  2.0214E+00  1.3283E+00  9.9188E+00 -1.3193E+00
  1.9931E+00  6.6910E+00  1.5521E-03  2.0123E+00  7.9912E-01  9.5421E+00 -7.8518E-01
  1.9942E+00  6.6947E+00  1.5496E-03  2.0114E+00  7.8029E-01  9.2100E+00 -7.6699E-01
  2.0042E+00  6.7281E+00  1.5296E-03  2.0020E+00  1.2310E+00  7.9552E+00 -1.2247E+00
  2.0142E+00  6.7616E+00  1.5043E-03  1.9879E+00  1.4515E+00  1.0141E+01 -1.4430E+00
  2.0243E+00  6.7950E+00  1.4765E-03  1.9761E+00  8.8961E-01  1.0780E+01 -8.7395E-01
  2.0264E+00  6.8022E+00  1.4716E-03  1.9743E+00  8.1171E-01  1.0233E+01 -7.9624E-01
  2.0343E+00  6.8285E+00  1.4573E-03  1.9676E+00  1.0310E+00  8.6174E+00 -1.0224E+00
  2.0443E+00  6.8619E+00  1.4390E-03  1.9547E+00  1.4495E+00  9.3653E+00 -1.4423E+00
  2.0543E+00  6.8954E+00  1.4189E-03  1.9417E+00  1.0627E+00  1.0700E+01 -1.0500E+00
  2.0597E+00  6.9134E+00  1.4105E-03  1.9368E+00  7.9622E-01  9.9203E+00 -7.8168E-01
  2.0643E+00  6.9288E+00  1.4062E-03  1.9332E+00  8.3559E-01  8.7118E+00 -8.2495E-01
  2.0744E+00  6.9622E+00  1.3987E-03  1.9225E+00  1.3304E+00  8.7595E+00 -1.3237E+00
  2.0844E+00  6.9957E+00  1.3885E-03  1.9090E+00  1.2260E+00  1.0226E+01 -1.2162E+00
  2.0931E+00  7.0247E+00  1.3819E-03  1.9006E+00  7.7769E-01  9.8377E+00 -7.6331E-01
  2.0944E+00  7.0291E+00  1.3815E-03  1.8996E+00  7.6026E-01  9.4802E+00 -7.4661E-01
  2.1044E+00  7.0626E+00  1.3815E-03  1.8906E+00  1.1608E+00  8.4342E+00 -1.1538E+00
  2.1144E+00  7.0960E+00  1.3764E-03  1.8775E+00  1.3267E+00  1.0783E+01 -1.3167E+00
  2.1245E+00  7.1294E+00  1.3683E-03  1.8667E+00  8.3416E-01  1.1269E+01 -8.1685E-01
  2.1264E+00  7.1359E+00  1.3675E-03  1.8652E+00  7.7555E-01  1.0818E+01 -7.5838E-01
  2.1345E+00  7.1629E+00  1.3669E-03  1.8586E+00  9.7692E-01  9.3693E+00 -9.6678E-01
  2.1445E+00  7.1963E+00  1.3645E-03  1.8467E+00  1.3286E+00  1.0073E+01 -1.3200E+00
  2.1545E+00  7.2298E+00  1.3589E-03  1.8348E+00  9.7894E-01  1.1236E+01 -9.6453E-01
  2.1597E+00  7.2471E+00  1.3573E-03  1.8305E+00  7.5976E-01  1.0527E+01 -7.4342E-01
  2.1645E+00  7.2632E+00  1.3577E-03  1.8269E+00  8.0159E-01  9.4082E+00 -7.8927E-01
  2.1746E+00  7.2966E+00  1.3589E-03  1.8168E+00  1.2301E+00  9.5148E+00 -1.2219E+00
  2.1846E+00  7.3301E+00  1.3555E-03  1.8045E+00  1.1229E+00  1.0837E+01 -1.1113E+00
  2.1931E+00  7.3584E+00  1.3532E-03  1.7968E+00  7.4288E-01  1.0448E+01 -7.2665E-01
  2.1946E+00  7.3635E+00  1.3533E-03  1.7957E+00  7.2750E-01  1.0073E+01 -7.1210E-01
  2.2046E+00  7.3970E+00  1.3558E-03  1.7871E+00  1.0865E+00  9.2053E+00 -1.0780E+00
  2.2147E+00  7.4304E+00  1.3532E-03  1.7751E+00  1.2108E+00  1.1472E+01 -1.1990E+00
  2.2247E+00  7.4638E+00  1.3477E-03  1.7653E+00  7.7881E-01  1.1833E+01 -7.5918E-01
  2.2264E+00  7.4696E+00  1.3473E-03  1.7640E+00  7.3528E-01  1.1466E+01 -7.1575E-01
  2.2347E+00  7.4973E+00  1.3478E-03  1.7576E+00  9.2184E-01  1.0163E+01 -9.0970E-01
  2.2447E+00  7.5307E+00  1.3466E-03  1.7466E+00  1.2201E+00  1.0829E+01 -1.2097E+00
  2.2547E+00  7.5641E+00  1.3427E-03  1.7357E+00  9.0392E-01  1.1851E+01 -8.8722E-01
  2.2597E+00  7.5808E+00  1.3419E-03  1.7318E+00  7.2331E-01  1.1209E+01 -7.0458E-01
  2.2648E+00  7.5976E+00  1.3431E-03  1.7282E+00  7.6705E-01  1.0172E+01 -7.5257E-01
  2.2748E+00  7.6310E+00  1.3457E-03  1.7187E+00  1.1403E+00  1.0321E+01 -1.1304E+00
  2.2848E+00  7.6645E+00  1.3450E-03  1.7074E+00  1.0326E+00  1.1516E+01 -1.0190E+00
  2.2931E+00  7.6920E+00  1.3457E-03  1.7005E+00  7.0919E-01  1.1134E+01 -6.9056E-01
  2.2948E+00  7.6979E+00  1.3465E-03  1.6993E+00  6.9606E-01  1.0746E+01 -6.7838E-01
  2.3048E+00  7.7313E+00  1.3533E-03  1.6912E+00  1.0190E+00  1.0026E+01 -1.0086E+00
  2.3149E+00  7.7648E+00  1.3575E-03  1.6801E+00  1.1103E+00  1.2027E+01 -1.0966E+00
  2.3249E+00  7.7982E+00  1.3617E-03  1.6710E+00  7.2997E-01  1.2285E+01 -7.0811E-01
  2.3264E+00  7.8033E+00  1.3629E-03  1.6700E+00  6.9805E-01  1.1990E+01 -6.7627E-01
  2.3349E+00  7.8316E+00  1.3727E-03  1.6638E+00  8.7167E-01  1.0814E+01 -8.5760E-01
  2.3449E+00  7.8651E+00  1.3843E-03  1.6535E+00  1.1261E+00  1.1442E+01 -1.1140E+00
  2.3550E+00  7.8985E+00  1.3951E-03  1.6435E+00  8.3986E-01  1.2340E+01 -8.2095E-01
  2.3597E+00  7.9145E+00  1.4018E-03  1.6400E+00  6.9092E-01  1.1761E+01 -6.6996E-01
  2.3650E+00  7.9319E+00  1.4113E-03  1.6365E+00  7.3640E-01  1.0798E+01 -7.1989E-01
  2.3750E+00  7.9654E+00  1.4298E-03  1.6275E+00  1.0639E+00  1.0976E+01 -1.0522E+00
  2.3850E+00  7.9988E+00  1.4457E-03  1.6170E+00  9.5800E-01  1.2054E+01 -9.4236E-01
  2.3931E+00  8.0257E+00  1.4598E-03  1.6107E+00  6.8229E-01  1.1683E+01 -6.6153E-01
  2.3950E+00  8.0323E+00  1.4639E-03  1.6094E+00  6.7168E-01  1.1289E+01 -6.5200E-01
  2.4051E+00  8.0657E+00  1.4859E-03  1.6016E+00  9.6411E-01  1.0694E+01 -9.5192E-01
  2.4151E+00  8.0991E+00  1.5044E-03  1.5913E+00  1.0302E+00  1.2348E+01 -1.0151E+00
  2.4251E+00  8.1326E+00  1.5220E-03  1.5829E+00  6.9486E-01  1.2521E+01 -6.7159E-01
  2.4264E+00  8.1369E+00  1.5247E-03  1.5820E+00  6.7195E-01  1.2290E+01 -6.4876E-01
  2.4351E+00  8.1660E+00  1.5441E-03  1.5759E+00  8.3474E-01  1.1230E+01 -8.1927E-01
  2.4451E+00  8.1994E+00  1.5644E-03  1.5663E+00  1.0531E+00  1.1820E+01 -1.0396E+00
  2.4552E+00  8.2329E+00  1.5826E-03  1.5569E+00  7.9315E-01  1.2606E+01 -7.7271E-01
  2.4597E+00  8.2481E+00  1.5919E-03  1.5537E+00  6.7003E-01  1.2087E+01 -6.4769E-01
  2.4652E+00  8.2663E+00  1.6046E-03  1.5501E+00  7.1674E-01  1.1196E+01 -6.9890E-01
  2.4752E+00  8.2997E+00  1.6269E-03  1.5416E+00  1.0048E+00  1.1398E+01 -9.9174E-01
  2.4852E+00  8.3332E+00  1.6458E-03  1.5317E+00  9.0087E-01  1.2368E+01 -8.8369E-01
  2.4931E+00  8.3593E+00  1.6615E-03  1.5259E+00  6.6440E-01  1.2012E+01 -6.4228E-01
  2.4952E+00  8.3666E+00  1.6665E-03  1.5245E+00  6.5616E-01  1.1618E+01 -6.3523E-01
  2.5053E+00  8.4000E+00  1.6897E-03  1.5169E+00  9.2079E-01  1.1133E+01 -9.0722E-01
  2.5153E+00  8.4335E+00  1.7090E-03  1.5072E+00  9.6608E-01  1.2443E+01 -9.4995E-01
  2.5253E+00  8.4669E+00  1.7280E-03  1.4993E+00  6.6850E-01  1.2544E+01 -6.4462E-01
  2.5264E+00  8.4706E+00  1.7304E-03  1.4986E+00  6.5238E-01  1.2368E+01 -6.2859E-01
  2.5353E+00  8.5003E+00  1.7507E-03  1.4925E+00  8.0458E-01  1.1419E+01 -7.8826E-01
  2.5454E+00  8.5338E+00  1.7709E-03  1.4834E+00  9.9151E-01  1.1967E+01 -9.7704E-01
  2.5554E+00  8.5672E+00  1.7892E-03  1.4746E+00  7.5416E-01  1.2648E+01 -7.3282E-01
  2.5597E+00  8.5818E+00  1.7983E-03  1.4716E+00  6.5201E-01  1.2186E+01 -6.2900E-01
  2.5654E+00  8.6006E+00  1.8112E-03  1.4680E+00  6.9924E-01  1.1370E+01 -6.8063E-01
  2.5754E+00  8.6341E+00  1.8328E-03  1.4598E+00  9.5274E-01  1.1590E+01 -9.3865E-01
  2.5854E+00  8.6675E+00  1.8510E-03  1.4505E+00  8.5082E-01  1.2463E+01 -8.3257E-01
  2.5931E+00  8.6930E+00  1.8660E-03  1.4451E+00  6.4722E-01  1.2125E+01 -6.2434E-01
  2.5955E+00  8.7009E+00  1.8713E-03  1.4436E+00  6.4123E-01  1.1736E+01 -6.1961E-01
  2.6055E+00  8.7344E+00  1.8935E-03  1.4363E+00  8.8080E-01  1.1347E+01 -8.6621E-01
  2.6155E+00  8.7678E+00  1.9118E-03  1.4271E+00  9.0955E-01  1.2356E+01 -8.9283E-01
  2.6255E+00  8.8012E+00  1.9305E-03  1.4196E+00  6.4478E-01  1.2397E+01 -6.2081E-01
  2.6264E+00  8.8042E+00  1.9323E-03  1.4190E+00  6.3385E-01  1.2269E+01 -6.0996E-01
  2.6355E+00  8.8347E+00  1.9524E-03  1.4130E+00  7.7624E-01  1.1425E+01 -7.5944E-01
  2.6456E+00  8.8681E+00  1.9714E-03  1.4043E+00  9.3630E-01  1.1931E+01 -9.2118E-01
  2.6556E+00  8.9015E+00  1.9890E-03  1.3960E+00  7.1911E-01  1.2514E+01 -6.9733E-01
  2.6597E+00  8.9154E+00  1.9973E-03  1.3933E+00  6.3434E-01  1.2108E+01 -6.1114E-01
  2.6656E+00  8.9350E+00  2.0102E-03  1.3897E+00  6.8172E-01  1.1364E+01 -6.6277E-01
  2.6756E+00  8.9684E+00  2.0304E-03  1.3818E+00  9.0505E-01  1.1603E+01 -8.9026E-01
  2.6856E+00  9.0018E+00  2.0474E-03  1.3731E+00  8.0560E-01  1.2390E+01 -7.8662E-01
  2.6931E+00  9.0266E+00  2.0613E-03  1.3680E+00  6.2994E-01  1.2073E+01 -6.0673E-01
  2.6957E+00  9.0353E+00  2.0668E-03  1.3664E+00  6.2612E-01  1.1695E+01 -6.0421E-01
  2.7057E+00  9.0687E+00  2.0875E-03  1.3593E+00  8.4318E-01  1.1389E+01 -8.2787E-01
  2.7157E+00  9.1021E+00  2.1044E-03  1.3506E+00  8.5914E-01  1.2170E+01 -8.4199E-01
  2.7257E+00  9.1356E+00  2.1219E-03  1.3435E+00  6.2324E-01  1.2162E+01 -5.9941E-01
  2.7264E+00  9.1378E+00  2.1232E-03  1.3431E+00  6.1626E-01  1.2074E+01 -5.9250E-01
  2.7358E+00  9.1690E+00  2.1422E-03  1.3371E+00  7.4956E-01  1.1329E+01 -7.3247E-01
  2.7458E+00  9.2024E+00  2.1594E-03  1.3288E+00  8.8658E-01  1.1792E+01 -8.7098E-01
  2.7558E+00  9.2359E+00  2.1757E-03  1.3209E+00  6.8764E-01  1.2288E+01 -6.6566E-01
  2.7597E+00  9.2490E+00  2.1831E-03  1.3185E+00  6.1738E-01  1.1933E+01 -5.9421E-01
  2.7658E+00  9.2693E+00  2.1954E-03  1.3148E+00  6.6462E-01  1.1260E+01 -6.4551E-01
  2.7758E+00  9.3027E+00  2.2137E-03  1.3072E+00  8.6144E-01  1.1516E+01 -8.4610E-01
  2.7859E+00  9.3362E+00  2.2290E-03  1.2990E+00  7.6485E-01  1.2228E+01 -7.4531E-01
  2.7931E+00  9.3602E+00  2.2416E-03  1.2942E+00  6.1314E-01  1.1932E+01 -5.8976E-01
  2.7959E+00  9.3696E+00  2.2470E-03  1.2926E+00  6.1135E-01  1.1570E+01 -5.8931E-01
  2.8059E+00  9.4030E+00  2.2658E-03  1.2857E+00  8.0808E-01  1.1335E+01 -7.9218E-01
  2.8159E+00  9.4365E+00  2.2809E-03  1.2775E+00  8.1423E-01  1.1964E+01 -7.9665E-01
  2.8259E+00  9.4699E+00  2.2971E-03  1.2706E+00  6.0397E-01  1.1915E+01 -5.8024E-01
  2.8264E+00  9.4714E+00  2.2979E-03  1.2704E+00  5.9996E-01  1.1861E+01 -5.7628E-01
  2.8360E+00  9.5033E+00  2.3158E-03  1.2645E+00  7.2473E-01  1.1206E+01 -7.0733E-01
  2.8460E+00  9.5368E+00  2.3312E-03  1.2565E+00  8.4190E-01  1.1628E+01 -8.2581E-01
  2.8560E+00  9.5702E+00  2.3459E-03  1.2491E+00  6.5963E-01  1.2047E+01 -6.3743E-01
  2.8597E+00  9.5826E+00  2.3524E-03  1.2468E+00  6.0153E-01  1.1738E+01 -5.7833E-01
  2.8660E+00  9.6036E+00  2.3640E-03  1.2431E+00  6.4832E-01  1.1134E+01 -6.2901E-01
  2.8760E+00  9.6371E+00  2.3803E-03  1.2358E+00  8.2171E-01  1.1400E+01 -8.0581E-01
  2.8861E+00  9.6705E+00  2.3939E-03  1.2279E+00  7.2826E-01  1.2045E+01 -7.0814E-01
  2.8931E+00  9.6939E+00  2.4049E-03  1.2235E+00  5.9720E-01  1.1772E+01 -5.7358E-01
  2.8961E+00  9.7039E+00  2.4102E-03  1.2218E+00  5.9729E-01  1.1429E+01 -5.7505E-01
  2.9061E+00  9.7374E+00  2.4269E-03  1.2152E+00  7.7551E-01  1.1253E+01 -7.5900E-01
  2.9161E+00  9.7708E+00  2.4400E-03  1.2073E+00  7.7407E-01  1.1786E+01 -7.5591E-01
  2.9262E+00  9.8042E+00  2.4546E-03  1.2008E+00  5.8672E-01  1.1705E+01 -5.6283E-01
  2.9264E+00  9.8051E+00  2.4550E-03  1.2006E+00  5.8489E-01  1.1678E+01 -5.6104E-01
  2.9362E+00  9.8376E+00  2.4713E-03  1.1948E+00  7.0156E-01  1.1105E+01 -6.8366E-01
  2.9462E+00  9.8711E+00  2.4844E-03  1.1872E+00  8.0151E-01  1.1486E+01 -7.8478E-01
  2.9562E+00  9.9045E+00  2.4971E-03  1.1801E+00  6.3453E-01  1.1837E+01 -6.1191E-01
  2.9597E+00  9.9163E+00  2.5025E-03  1.1780E+00  5.8663E-01  1.1571E+01 -5.6316E-01
  2.9662E+00  9.9379E+00  2.5129E-03  1.1743E+00  6.3266E-01  1.1031E+01 -6.1293E-01
  2.9763E+00  9.9714E+00  2.5263E-03  1.1672E+00  7.8519E-01  1.1298E+01 -7.6857E-01
  2.9863E+00  1.0005E+01  2.5371E-03  1.1598E+00  6.9507E-01  1.1878E+01 -6.7422E-01
  2.9931E+00  1.0027E+01  2.5458E-03  1.1556E+00  5.8183E-01  1.1628E+01 -5.5777E-01
  2.9963E+00  1.0038E+01  2.5504E-03  1.1538E+00  5.8362E-01  1.1306E+01 -5.6094E-01
  3.0063E+00  1.0072E+01  2.5632E-03  1.1474E+00  7.4479E-01  1.1178E+01 -7.2752E-01
  3.0163E+00  1.0105E+01  2.5722E-03  1.1399E+00  7.3726E-01  1.1645E+01 -7.1829E-01
  3.0264E+00  1.0139E+01  2.5823E-03  1.1337E+00  5.7032E-01  1.1540E+01 -5.4596E-01
  3.0364E+00  1.0172E+01  2.5933E-03  1.1278E+00  6.7884E-01  1.1036E+01 -6.6020E-01
  3.0464E+00  1.0205E+01  2.5999E-03  1.1206E+00  7.6365E-01  1.1375E+01 -7.4607E-01
  3.0564E+00  1.0239E+01  2.6053E-03  1.1138E+00  6.1057E-01  1.1666E+01 -5.8722E-01
  3.0597E+00  1.0250E+01  2.6076E-03  1.1119E+00  5.7116E-01  1.1439E+01 -5.4709E-01
  3.0664E+00  1.0272E+01  2.6125E-03  1.1082E+00  6.1600E-01  1.0958E+01 -5.9556E-01
  3.0765E+00  1.0306E+01  2.6161E-03  1.1014E+00  7.4971E-01  1.1215E+01 -7.3216E-01
  3.0865E+00  1.0339E+01  2.6166E-03  1.0943E+00  6.6292E-01  1.1727E+01 -6.4109E-01
  3.0931E+00  1.0361E+01  2.6180E-03  1.0905E+00  5.6504E-01  1.1500E+01 -5.4021E-01
  3.0965E+00  1.0373E+01  2.6192E-03  1.0887E+00  5.6825E-01  1.1200E+01 -5.4484E-01
  3.1065E+00  1.0406E+01  2.6205E-03  1.0825E+00  7.1361E-01  1.1110E+01 -6.9535E-01
  3.1166E+00  1.0439E+01  2.6184E-03  1.0754E+00  7.0114E-01  1.1524E+01 -6.8109E-01
  3.1264E+00  1.0472E+01  2.6179E-03  1.0695E+00  5.5355E-01  1.1414E+01 -5.2835E-01
  3.1266E+00  1.0473E+01  2.6179E-03  1.0694E+00  5.5273E-01  1.1400E+01 -5.2754E-01
  3.1366E+00  1.0506E+01  2.6187E-03  1.0637E+00  6.5458E-01  1.0980E+01 -6.3493E-01
  3.1466E+00  1.0540E+01  2.6160E-03  1.0568E+00  7.2638E-01  1.1278E+01 -7.0771E-01
  3.1566E+00  1.0573E+01  2.6136E-03  1.0504E+00  5.8638E-01  1.1516E+01 -5.6201E-01
  3.1597E+00  1.0583E+01  2.6135E-03  1.0487E+00  5.5420E-01  1.1324E+01 -5.2919E-01
  3.1667E+00  1.0607E+01  2.6140E-03  1.0449E+00  5.9783E-01  1.0898E+01 -5.7639E-01
  3.1767E+00  1.0640E+01  2.6120E-03  1.0385E+00  7.1517E-01  1.1134E+01 -6.9651E-01
  3.1867E+00  1.0673E+01  2.6085E-03  1.0317E+00  6.3233E-01  1.1577E+01 -6.0934E-01
  3.1931E+00  1.0695E+01  2.6078E-03  1.0282E+00  5.4803E-01  1.1372E+01 -5.2223E-01
  3.1967E+00  1.0707E+01  2.6080E-03  1.0263E+00  5.5264E-01  1.1096E+01 -5.2828E-01
  3.2067E+00  1.0740E+01  2.6070E-03  1.0203E+00  6.8392E-01  1.1036E+01 -6.6453E-01
  3.2168E+00  1.0774E+01  2.6034E-03  1.0135E+00  6.6788E-01  1.1402E+01 -6.4661E-01
  3.2264E+00  1.0806E+01  2.6019E-03  1.0080E+00  5.3796E-01  1.1295E+01 -5.1173E-01
  3.2268E+00  1.0807E+01  2.6019E-03  1.0078E+00  5.3644E-01  1.1267E+01 -5.1026E-01
  3.2368E+00  1.0841E+01  2.6018E-03  1.0024E+00  6.3194E-01  1.0919E+01 -6.1114E-01
  3.2468E+00  1.0874E+01  2.5987E-03  9.9576E-01  6.9485E-01  1.1189E+01 -6.7499E-01
  3.2568E+00  1.0907E+01  2.5959E-03  9.8960E-01  5.5358E-01  1.1473E+01 -5.2703E-01
  3.2669E+00  1.0941E+01  2.5975E-03  9.8509E-01  4.3035E-01  1.1133E+01 -3.9751E-01
  3.2769E+00  1.0974E+01  2.6012E-03  9.8124E-01  4.1458E-01  1.1046E+01 -3.8066E-01
  3.2969E+00  1.1041E+01  2.6090E-03  9.7359E-01  4.1641E-01  1.1051E+01 -3.8207E-01
