  1.598322835396E-02  6.999999367179E-02  1.993687428712E+00  9.679805987701E+01 -5.937569181153E-02  2.508112461549E-01  2.572549698123E-01  3.855251961303E+03  6.893825951989E+03
  3.638635561005E-02  1.399999936718E-01  2.246810348655E+00  1.206179384221E+01 -1.935829240112E-01  3.057031205661E-01  4.016106841905E-01  5.266421556836E+02  1.652749246876E+04
  5.703039407882E-02  2.099999936718E-01  3.985466817632E+00  8.302120126296E+01 -3.758914345474E-01  2.232872813260E-01  4.445864740363E-01 -1.930569175311E+04 -2.349058813700E+03
  7.789209819742E-02  2.799999936718E-01  5.155123156642E+00  5.571481925225E+01 -5.598519469185E-01  1.446613328539E-01  4.746883040933E-01 -1.767207976222E+04  1.700282037957E+04
  9.877500884797E-02  3.499999936718E-01  5.140487051242E+00 -6.966644117299E-01 -7.576995027962E-01  5.536415141752E-02  5.346640697492E-01 -2.588853674746E+04  9.811940912796E+03
  1.196572151772E-01  4.199999936718E-01  5.139255362881E+00 -5.895380124872E-02 -9.631683126528E-01 -5.419035384240E-02  5.514005716045E-01 -2.660909061193E+04 -1.441839334215E+03
  1.405394753649E-01  4.899999936718E-01  5.139275053403E+00 -8.890818759164E-05 -1.148147292034E+00 -1.506110359189E-01  5.275007986650E-01 -1.998675223425E+04 -9.438497176356E+03
  1.614218301767E-01  5.599999936718E-01  5.139297400192E+00  4.419438995236E-07 -1.292686008922E+00 -2.133300755182E-01  4.826119935914E-01 -1.091642089644E+04 -1.182326038195E+04
  1.823042571768E-01  6.299999936718E-01  5.139310024463E+00  1.104966882277E-07 -1.391461240610E+00 -2.419987841683E-01  4.361099993940E-01 -3.664314198374E+03 -1.076078275982E+04
  2.031867174529E-01  6.999999936718E-01  5.139314598224E+00  2.010436259622E-08 -1.452454745549E+00 -2.470632261315E-01  3.959453451506E-01  7.441652756510E+02 -9.036604460602E+03
  2.240691882351E-01  7.699999936718E-01  5.139315793384E+00  7.663837048281E-09 -1.488339698270E+00 -2.387338482700E-01  3.619982363622E-01  3.098124302220E+03 -7.767411100509E+03
  2.449516614542E-01  8.399999936718E-01  5.139316010347E+00  2.798048501365E-09 -1.509485376001E+00 -2.234072346424E-01  3.321239871399E-01  4.312671602382E+03 -7.007313027853E+03
  2.658341349898E-01  9.099999936718E-01  5.139316005085E+00  7.729951180026E-10 -1.522349253094E+00 -2.044510096867E-01  3.046114134842E-01  4.951469310257E+03 -6.575619352275E+03
  2.867166084092E-01  9.799999936718E-01  5.139315965523E+00  1.933900522480E-10 -1.530523566668E+00 -1.835513838283E-01  2.784402034336E-01  5.301944233234E+03 -6.328656720585E+03
  3.075990816731E-01  1.049999993672E+00  5.139315930581E+00  4.903213768481E-11 -1.535955982542E+00 -1.615620458141E-01  2.530460356301E-01  5.503745282133E+03 -6.183078721574E+03
  3.284815548145E-01  1.119999993672E+00  5.139315905068E+00  1.317086684902E-11 -1.539720364005E+00 -1.389314606803E-01  2.281176155755E-01  5.625534746914E+03 -6.094035997836E+03
  3.493640278686E-01  1.189999993672E+00  5.139315887229E+00  3.825202269159E-12 -1.542429124947E+00 -1.159059330805E-01  2.034790900176E-01  5.702292076550E+03 -6.037478379672E+03
  3.702465008620E-01  1.259999993672E+00  5.139315874785E+00  1.217109816459E-12 -1.544445118639E+00 -9.262681840293E-02  1.790278723860E-01  5.752613332391E+03 -6.000218685981E+03
  3.911289738127E-01  1.329999993672E+00  5.139315866003E+00  3.912138703747E-13 -1.545991471343E+00 -6.917858973645E-02  1.547020973834E-01  5.786813714212E+03 -5.974800569564E+03
  4.120114467330E-01  1.399999993672E+00  5.139315859701E+00  1.738728315301E-13 -1.547210184637E+00 -4.561358637178E-02  1.304632652139E-01  5.810846011242E+03 -5.956869789503E+03
  4.328939196315E-01  1.469999993672E+00  5.139315855098E+00  4.346820792820E-14 -1.548194485312E+00 -2.196529068647E-02  1.062867184757E-01  5.828270858861E+03 -5.943803473266E+03
  4.537763925134E-01  1.539999993672E+00  5.139315851992E+00  2.603745656959E-11 -1.548637366155E+00  1.744613139020E-03  8.215628104144E-02  5.839570982516E+03 -5.935392252500E+03
  4.746588653903E-01  1.609999993672E+00  5.139315851992E+00  0.000000000000E+00 -1.548637366155E+00  2.547241780548E-02  5.803912784512E-02  5.839570982516E+03 -5.935392252500E+03
  4.955413382672E-01  1.679999993672E+00  5.139315851992E+00  0.000000000000E+00 -1.548637366155E+00  4.920022247194E-02  3.392197464879E-02  5.839570982516E+03 -5.935392252500E+03
  5.164238111442E-01  1.749999993672E+00  5.139315851992E+00  0.000000000000E+00 -1.548637366155E+00  7.292802713841E-02  9.804821452463E-03  5.839570982516E+03 -5.935392252500E+03
  5.373062840211E-01  1.819999993672E+00  5.139315851992E+00  0.000000000000E+00 -1.548637366155E+00  9.665583180487E-02 -1.431233174386E-02  5.839570982516E+03 -5.935392252500E+03
  5.581887568980E-01  1.889999993672E+00  5.139315851992E+00  0.000000000000E+00 -1.548637366155E+00  1.203836364713E-01 -3.842948494019E-02  5.839570982516E+03 -5.935392252500E+03
  5.790712297750E-01  1.959999993672E+00  5.139315851992E+00  0.000000000000E+00 -1.548637366155E+00  1.441114411378E-01 -6.254663813652E-02  5.839570982516E+03 -5.935392252500E+03
  5.999537026519E-01  2.029999993672E+00  5.139315851992E+00  0.000000000000E+00 -1.548637366155E+00  1.678392458043E-01 -8.666379133284E-02  5.839570982516E+03 -5.935392252500E+03
  6.208361755288E-01  2.099999993672E+00  5.139315851992E+00  0.000000000000E+00 -1.548637366155E+00  1.915670504707E-01 -1.107809445292E-01  5.839570982516E+03 -5.935392252500E+03
  6.417186484058E-01  2.169999993672E+00  5.139315851992E+00  0.000000000000E+00 -1.548637366155E+00  2.152948551372E-01 -1.348980977255E-01  5.839570982516E+03 -5.935392252500E+03
  6.626011212827E-01  2.239999993672E+00  5.139315851992E+00  0.000000000000E+00 -1.548637366155E+00  2.390226598036E-01 -1.590152509218E-01  5.839570982516E+03 -5.935392252500E+03
  6.834835941597E-01  2.309999993672E+00  5.139315851992E+00  0.000000000000E+00 -1.548637366155E+00  2.627504644701E-01 -1.831324041182E-01  5.839570982516E+03 -5.935392252500E+03
  7.043660670366E-01  2.379999993672E+00  5.139315851992E+00  0.000000000000E+00 -1.548637366155E+00  2.864782691366E-01 -2.072495573145E-01  5.839570982516E+03 -5.935392252500E+03
  7.252485399135E-01  2.449999993672E+00  5.139315851992E+00  0.000000000000E+00 -1.548637366155E+00  3.102060738030E-01 -2.313667105108E-01  5.839570982516E+03 -5.935392252500E+03
  7.461310127905E-01  2.519999993672E+00  5.139315851992E+00  0.000000000000E+00 -1.548637366155E+00  3.339338784695E-01 -2.554838637071E-01  5.839570982516E+03 -5.935392252500E+03
  7.670134856674E-01  2.589999993672E+00  5.139315851992E+00  0.000000000000E+00 -1.548637366155E+00  3.576616831360E-01 -2.796010169035E-01  5.839570982516E+03 -5.935392252500E+03
  7.878959585443E-01  2.659999993672E+00  5.139315851992E+00  0.000000000000E+00 -1.548637366155E+00  3.813894878024E-01 -3.037181700998E-01  5.839570982516E+03 -5.935392252500E+03
  8.087784314213E-01  2.729999993672E+00  5.139315851992E+00  0.000000000000E+00 -1.548637366155E+00  4.051172924689E-01 -3.278353232961E-01  5.839570982516E+03 -5.935392252500E+03
  8.296609042982E-01  2.799999993672E+00  5.139315851992E+00  0.000000000000E+00 -1.548637366155E+00  4.288450971353E-01 -3.519524764924E-01  5.839570982516E+03 -5.935392252500E+03
  8.505433771751E-01  2.869999993672E+00  5.139315851992E+00  0.000000000000E+00 -1.548637366155E+00  4.525729018018E-01 -3.760696296888E-01  5.839570982516E+03 -5.935392252500E+03
  8.714258500521E-01  2.939999993672E+00  5.139315851992E+00  0.000000000000E+00 -1.548637366155E+00  4.763007064683E-01 -4.001867828851E-01  5.839570982516E+03 -5.935392252500E+03
  8.923083229290E-01  3.009999993672E+00  5.139315851992E+00  0.000000000000E+00 -1.548637366155E+00  5.000285111347E-01 -4.243039360814E-01  5.839570982516E+03 -5.935392252500E+03
  9.131907958059E-01  3.079999993672E+00  5.139315851992E+00  0.000000000000E+00 -1.548637366155E+00  5.237563158012E-01 -4.484210892777E-01  5.839570982516E+03 -5.935392252500E+03
  9.340732686829E-01  3.149999993672E+00  5.139315851992E+00  0.000000000000E+00 -1.548637366155E+00  5.474841204676E-01 -4.725382424741E-01  5.839570982516E+03 -5.935392252500E+03
  9.549557415598E-01  3.219999993672E+00  5.139315852004E+00  4.346820797295E-14 -1.548637727268E+00  5.712119251341E-01 -4.966553956704E-01  5.839636270207E+03 -5.935317401572E+03
  9.758382144370E-01  3.289999993672E+00  5.139315852089E+00  0.000000000000E+00 -1.548640247662E+00  5.949409063566E-01 -5.207712064222E-01  5.840115793451E+03 -5.934772557531E+03
  9.967206873145E-01  3.359999993672E+00  5.139315852199E+00  0.000000000000E+00 -1.548646931057E+00  6.186722577393E-01 -5.448843438609E-01  5.840814697750E+03 -5.933988784814E+03
  1.017603160193E+00  3.429999993672E+00  5.139315852346E+00 -4.346820797060E-14 -1.548659116117E+00  6.424070333695E-01 -5.689936611242E-01  5.841818311689E+03 -5.932873764491E+03
  1.038485633071E+00  3.499999993672E+00  5.139315852542E+00  0.000000000000E+00 -1.548678642724E+00  6.661467083429E-01 -5.930975559840E-01  5.843251296188E+03 -5.931292697637E+03
  1.059368105951E+00  3.569999993672E+00  5.139315852807E+00  0.000000000000E+00 -1.548708082392E+00  6.898933783630E-01 -6.171937553374E-01  5.845299075560E+03 -5.929045187625E+03
  1.080250578832E+00  3.639999993672E+00  5.139315853169E+00 -4.346820796461E-14 -1.548751099731E+00  7.136500736715E-01 -6.412789762887E-01  5.848243946127E+03 -5.925826253206E+03
  1.101133051715E+00  3.709999993672E+00  5.139315853672E+00  4.346820796099E-14 -1.548813035374E+00  7.374212670748E-01 -6.653483776248E-01  5.852527217773E+03 -5.921159202198E+03
  1.122015524600E+00  3.779999993672E+00  5.139315854383E+00  0.000000000000E+00 -1.548901876050E+00  7.612137228183E-01 -6.893946429457E-01  5.858860021174E+03 -5.914275839647E+03
  1.142897997488E+00  3.849999993672E+00  5.139315855402E+00  8.693641589737E-14 -1.549029926089E+00  7.850379643863E-01 -7.134063943061E-01  5.868427576384E+03 -5.903895395302E+03
  1.163780470382E+00  3.919999993672E+00  5.139315856885E+00  2.608092476294E-13 -1.549216795362E+00  8.089109075878E-01 -7.373653435979E-01  5.883280883942E+03 -5.887799879628E+03
  1.184662943283E+00  3.989999993672E+00  5.139315859052E+00  7.824277426137E-13 -1.549494962327E+00  8.328607800499E-01 -7.612409617298E-01  5.907119539193E+03 -5.861983129939E+03
  1.205545410931E+00  4.059999993672E+00  5.138165350646E+00 -5.481014719561E-02 -1.549920620941E+00  8.570815366111E-01 -7.851125756848E-01  6.079378127374E+03 -5.940084162166E+03
  1.226427549262E+00  4.129999993672E+00  5.129928902972E+00 -3.925635856456E-01 -1.550595948641E+00  8.828807945147E-01 -8.099996391616E-01  5.375569369869E+03 -5.153968967940E+03
  1.247313597537E+00  4.199999993672E+00  5.402157993097E+00  1.297284449346E+01 -1.551685042701E+00  8.849773573807E-01 -8.123830925887E-01 -2.752200952833E+03  2.534347844468E+03
  1.268210361912E+00  4.269999993672E+00  5.656036302822E+00  1.209754602662E+01 -1.553480788793E+00  8.872979226296E-01 -8.137770472611E-01  1.910122044596E+03 -1.314305648068E+03
  1.289115799741E+00  4.339999993672E+00  6.019841499989E+00  1.733607275584E+01 -1.556529634536E+00  8.888027187348E-01 -8.123196263301E-01  2.358673157157E+03 -9.169992394089E+02
  1.310028849991E+00  4.409999993672E+00  6.279677585896E+00  1.238193786292E+01 -1.561711716585E+00  8.942817845793E-01 -8.108871134774E-01 -1.350223505818E+03  3.854635601952E+03
  1.330948709745E+00  4.479999993672E+00  6.582339892511E+00  1.442225823911E+01 -1.570032960552E+00  9.013316377283E-01 -8.056792233102E-01  5.297766379867E+03 -1.470714195917E+02
  1.351874183706E+00  4.549999993672E+00  6.936698685412E+00  1.688609551434E+01 -1.581818942772E+00  9.097756173381E-01 -7.957388253001E-01  2.618756668783E+03  4.314340136444E+03
  1.372804772718E+00  4.619999993672E+00  7.172301778038E+00  1.122703266124E+01 -1.596543836094E+00  9.216865821387E-01 -7.839497019914E-01  2.418018421685E+03  6.110159535679E+03
  1.393739796813E+00  4.689999993672E+00  7.517097187418E+00  1.643008917930E+01 -1.613148605165E+00  9.319241458485E-01 -7.678127182825E-01  6.712086716117E+03  3.602076875494E+03
  1.414678638800E+00  4.759999993672E+00  7.832483709302E+00  1.502902411066E+01 -1.630604312092E+00  9.430007824282E-01 -7.509707670209E-01  1.482095157467E+03  8.503704257904E+03
  1.435621057492E+00  4.829999993672E+00  8.082153508645E+00  1.189717353731E+01 -1.648410861482E+00  9.551540120871E-01 -7.345874684996E-01  5.242385615060E+03  5.957289694328E+03
  1.456566549371E+00  4.899999993672E+00  8.450606550094E+00  1.755752230165E+01 -1.666157653897E+00  9.653749795030E-01 -7.168198301135E-01  6.380207510831E+03  5.383067169954E+03
  1.477514803417E+00  4.969999993672E+00  8.722449334768E+00  1.295399753892E+01 -1.683629096330E+00  9.769382756338E-01 -7.004261020974E-01  9.765410971367E+02  9.482004972293E+03
  1.498465639242E+00  5.039999993672E+00  9.014918567288E+00  1.393662350288E+01 -1.700797405956E+00  9.875374525007E-01 -6.838829461320E-01  7.004531799689E+03  5.332931660218E+03
  1.519418689070E+00  5.109999993672E+00  9.376678276630E+00  1.723862762753E+01 -1.717522082747E+00  9.959243531440E-01 -6.664114941041E-01  3.542082028143E+03  7.761305474907E+03
  1.540373810428E+00  5.179999993672E+00  9.620069575945E+00  1.159815085404E+01 -1.733826176223E+00  1.004310080847E+00 -6.496309462637E-01  8.143968968222E+02  9.538956724427E+03
  1.561330826491E+00  5.249999993672E+00  9.957979848709E+00  1.610198616205E+01 -1.749722190393E+00  1.009593504942E+00 -6.315915873150E-01  5.628282447515E+03  6.440877072358E+03
  1.582289491501E+00  5.319999993672E+00  1.028573410914E+01  1.561828044761E+01 -1.765146960074E+00  1.014506656268E+00 -6.140562151467E-01  8.781188176988E+00  9.848844787403E+03
  1.603249738105E+00  5.389999993672E+00  1.052978867882E+01  1.162962074612E+01 -1.780183111069E+00  1.020086332863E+00 -5.976458199447E-01  2.618108161319E+03  8.222511463971E+03
  1.624211392411E+00  5.459999993672E+00  1.089536412376E+01  1.742037219916E+01 -1.794815154880E+00  1.023694996823E+00 -5.807589557401E-01  4.554234524560E+03  7.059177420888E+03
  1.645174334147E+00  5.529999993672E+00  1.118380561294E+01  1.374495188896E+01 -1.809029547966E+00  1.027994343390E+00 -5.649109231013E-01 -1.554297732993E+03  1.039733712571E+04
  1.666138522148E+00  5.599999993672E+00  1.146432296413E+01  1.336709316230E+01 -1.822897014561E+00  1.032392169122E+00 -5.497361006086E-01  4.577513658245E+03  7.013334308777E+03
  1.687103792486E+00  5.669999993672E+00  1.183048745467E+01  1.744849740338E+01 -1.836385367198E+00  1.035432240618E+00 -5.343972901341E-01  2.489446359328E+03  8.065362651540E+03
  1.708070086053E+00  5.739999993672E+00  1.208038356087E+01  1.190813154806E+01 -1.849528666725E+00  1.039077835613E+00 -5.199165974901E-01 -1.548797171189E+03  1.003673124576E+04
  1.729037347648E+00  5.809999993672E+00  1.240733694793E+01  1.557988071784E+01 -1.862361832499E+00  1.040568372673E+00 -5.049042882900E-01  4.032844033755E+03  7.201495588594E+03
  1.750005469969E+00  5.879999993672E+00  1.275102426602E+01  1.637748100834E+01 -1.874849377362E+00  1.041284570682E+00 -4.900462337518E-01 -1.315237536838E+03  9.671022043659E+03
  1.770974426602E+00  5.949999993672E+00  1.299151314034E+01  1.145974740055E+01 -1.887046695506E+00  1.042732992504E+00 -4.760526343509E-01 -1.190932953002E+02  9.010988842216E+03
  1.791944139908E+00  6.019999993672E+00  1.335110603283E+01  1.713527764888E+01 -1.898955233318E+00  1.042382743596E+00 -4.617343328529E-01  2.731738567832E+03  7.636978320027E+03
  1.812914548079E+00  6.089999993672E+00  1.365200473340E+01  1.433855179789E+01 -1.910556325557E+00  1.042391163473E+00 -4.480565145720E-01 -3.603705905660E+03  1.029136281888E+04
  1.833885640883E+00  6.159999993672E+00  1.392015025602E+01  1.277756381628E+01 -1.921894757189E+00  1.042807160163E+00 -4.350255230021E-01  1.899115605977E+03  7.848020414874E+03
  1.854857347531E+00  6.229999993672E+00  1.429343100716E+01  1.778758225120E+01 -1.932942501102E+00  1.042532992723E+00 -4.221479187635E-01  1.671330771000E+03  7.850520513385E+03
  1.875829634468E+00  6.299999993672E+00  1.455305386886E+01  1.237163300805E+01 -1.943701462846E+00  1.043434616398E+00 -4.101756624660E-01 -3.333015091842E+03  9.726977199302E+03
  1.896802480628E+00  6.369999993672E+00  1.486699808776E+01  1.495997826911E+01 -1.954185108564E+00  1.043028144285E+00 -3.981289130538E-01  2.703559733765E+03  7.248185224288E+03
  1.917775827475E+00  6.439999993672E+00  1.522009495895E+01  1.682583029635E+01 -1.964343486657E+00  1.041764438046E+00 -3.862100763697E-01 -1.915723214287E+03  8.822371522130E+03
  1.938749662567E+00  6.509999993672E+00  1.546159011425E+01  1.150773649907E+01 -1.974172041102E+00  1.040947699870E+00 -3.749522810695E-01 -2.634368414227E+03  8.859525797485E+03
  1.959723954882E+00  6.579999993672E+00  1.581506974064E+01  1.684395131652E+01 -1.983620307785E+00  1.038465731597E+00 -3.636462125975E-01  1.347531383211E+03  7.163598813084E+03
  1.980698664700E+00  6.649999993672E+00  1.612914735470E+01  1.496652356061E+01 -1.992585256348E+00  1.036239423098E+00 -3.530657738510E-01 -4.838677956200E+03  8.914648662648E+03
  2.001673788921E+00  6.719999993672E+00  1.638623480055E+01  1.225064530964E+01 -2.000960329569E+00  1.034508333345E+00 -3.434312360542E-01 -4.556348247782E+02  6.894517113724E+03
  2.022649290689E+00  6.789999993672E+00  1.675811136341E+01  1.772064735475E+01 -2.008515253230E+00  1.031850691240E+00 -3.344842400241E-01  1.022450158252E+02  5.929905491837E+03
  2.043625150902E+00  6.859999993672E+00  1.703308469478E+01  1.310310076882E+01 -2.014935092360E+00  1.029768298045E+00 -3.270652097410E-01 -5.622235795076E+03  6.624125869400E+03
  2.064601366858E+00  6.929999993672E+00  1.733377062579E+01  1.432818700006E+01 -2.019896435522E+00  1.027342854583E+00 -3.212582852766E-01  5.749416695400E+02  3.214703286588E+03
  2.085577899108E+00  6.999999993672E+00  1.769422542966E+01  1.717641719656E+01 -2.023252730317E+00  1.023919077663E+00 -3.170092576024E-01 -3.126817453902E+03  2.917449648945E+03
  2.106554739629E+00  7.069999993672E+00  1.793795677637E+01  1.161431558168E+01 -2.025247647785E+00  1.020774945832E+00 -3.144171095806E-01 -5.458328568128E+03  2.560869177983E+03
  2.127531875160E+00  7.139999993672E+00  1.828117330483E+01  1.635490067416E+01 -2.026333801212E+00  1.016257917202E+00 -3.124138952737E-01 -7.272996111045E+02  4.648785231451E+02
  2.148509281964E+00  7.209999993672E+00  1.861205656400E+01  1.576732198293E+01 -2.026901092977E+00  1.011719861540E+00 -3.109622506700E-01 -6.374976073706E+03  1.850366662429E+03
  2.169486959275E+00  7.279999993672E+00  1.886058125576E+01  1.184265602352E+01 -2.027185542390E+00  1.007952680392E+00 -3.100475910334E-01 -3.245297446424E+03  6.893650207123E+02
  2.190464884504E+00  7.349999993672E+00  1.922806990699E+01  1.751155966981E+01 -2.027302029616E+00  1.003401280242E+00 -3.090637150649E-01 -1.538652084380E+03  3.190283443176E+01
  2.211443044396E+00  7.419999993672E+00  1.951469690702E+01  1.365842769970E+01 -2.027296924189E+00  9.995121478462E-01 -3.084046845468E-01 -7.258742590581E+03  1.683394443999E+03
  2.232421440111E+00  7.489999993672E+00  1.980060697513E+01  1.362411724446E+01 -2.027172220127E+00  9.959018742518E-01 -3.079516863761E-01 -1.113414197379E+03 -3.465684409910E+02
  2.253400050855E+00  7.559999993672E+00  2.017297992734E+01  1.774433844569E+01 -2.026887700374E+00  9.916269599419E-01 -3.074509279629E-01 -3.516222392429E+03  1.950107437847E+02
  2.274378870070E+00  7.629999993672E+00  2.042314243561E+01  1.192079238768E+01 -2.026341133829E+00  9.878032638016E-01 -3.073547256629E-01 -6.905124768181E+03  8.964471167750E+02
  2.295357890896E+00  7.699999993672E+00  2.075397812754E+01  1.576492842868E+01 -2.025330659028E+00  9.830152017157E-01 -3.074323014638E-01 -1.737689076761E+03 -1.352232185773E+03
  2.316337096612E+00  7.769999993672E+00  2.109594155318E+01  1.629530343977E+01 -2.023544109713E+00  9.778824832029E-01 -3.082153503025E-01 -6.905839658717E+03 -7.738509514698E+02
  2.337316486793E+00  7.839999993672E+00  2.134005397982E+01  1.163243883978E+01 -2.020661018366E+00  9.730453929485E-01 -3.102643521043E-01 -5.906508326003E+03 -2.439276262335E+03
  2.358296050270E+00  7.909999993672E+00  2.170419567592E+01  1.735207098303E+01 -2.016590341744E+00  9.670930436547E-01 -3.132200677628E-01 -3.396768360081E+03 -4.533821641038E+03
  2.379275776280E+00  7.979999993672E+00  2.200395012390E+01  1.428398398231E+01 -2.011543240000E+00  9.613974268373E-01 -3.172703519843E-01 -9.368976077150E+03 -3.521808050473E+03
  2.400255666261E+00  8.049999993672E+00  2.227599726123E+01  1.296353765385E+01 -2.005831984067E+00  9.558789514764E-01 -3.220217382116E-01 -4.253034084620E+03 -5.825580149158E+03
  2.421235707167E+00  8.119999993672E+00  2.264967627644E+01  1.780656637192E+01 -1.999734106397E+00  9.499846001206E-01 -3.269987299406E-01 -4.773124622143E+03 -6.022746607883E+03
  2.442215894403E+00  8.189999993672E+00  2.291241003670E+01  1.251984785909E+01 -1.993424744595E+00  9.447360195227E-01 -3.323659650179E-01 -9.328776352162E+03 -4.649187834636E+03
  2.463196227094E+00  8.259999993672E+00  2.323057261904E+01  1.516103170502E+01 -1.987004182341E+00  9.386969819370E-01 -3.375070596181E-01 -3.885196649367E+03 -6.702570161722E+03
  2.484176691649E+00  8.329999993672E+00  2.358227950578E+01  1.675957728059E+01 -1.980550804448E+00  9.324269628673E-01 -3.425445772615E-01 -7.872063347722E+03 -5.316586936450E+03
  2.505157287349E+00  8.399999993672E+00  2.382430860822E+01  1.153317629105E+01 -1.974094972123E+00  9.266793151381E-01 -3.477118543798E-01 -8.061172346170E+03 -5.259593143292E+03
  2.526138008445E+00  8.469999993672E+00  2.418007283753E+01  1.695284948608E+01 -1.967663103805E+00  9.202206488377E-01 -3.525222289364E-01 -4.549454846916E+03 -6.587029597723E+03
  2.547118847411E+00  8.539999993672E+00  2.449711216783E+01  1.510762137398E+01 -1.961281613100E+00  9.139929153979E-01 -3.573118229538E-01 -9.936115443840E+03 -4.476032598422E+03
  2.568099805950E+00  8.609999993672E+00  2.475712353742E+01  1.239001581020E+01 -1.954948399743E+00  9.082940813552E-01 -3.621920703405E-01 -5.766250530474E+03 -6.084163279596E+03
  2.589080874298E+00  8.679999993672E+00  2.512852269126E+01  1.769791459942E+01 -1.948677133896E+00  9.021902405855E-01 -3.667913037745E-01 -5.373037679520E+03 -6.210796049524E+03
  2.610062048620E+00  8.749999993672E+00  2.540189247069E+01  1.302667305812E+01 -1.942473410562E+00  8.965904886777E-01 -3.714726256229E-01 -1.010318929540E+04 -4.219540574603E+03
  2.631043330176E+00  8.819999993672E+00  2.570550464909E+01  1.446767427043E+01 -1.936331257139E+00  8.909422980196E-01 -3.760106615279E-01 -4.486765164330E+03 -6.517667129570E+03
  2.652024710126E+00  8.889999993672E+00  2.607071375523E+01  1.740297302591E+01 -1.930262863711E+00  8.849054787577E-01 -3.802593657206E-01 -7.675078959225E+03 -5.112611666688E+03
  2.673006187258E+00  8.959999993672E+00  2.631510445193E+01  1.164572726707E+01 -1.924261628167E+00  8.792402436808E-01 -3.845414959473E-01 -9.262089571385E+03 -4.360087735158E+03
  2.693987758131E+00  9.029999993672E+00  2.666006631050E+01  1.643808729426E+01 -1.918325352054E+00  8.729301878534E-01 -3.884141811409E-01 -5.236231102676E+03 -6.074018650007E+03
  2.714969416592E+00  9.099999993672E+00  2.698933488845E+01  1.569036047097E+01 -1.912463275747E+00  8.667044482086E-01 -3.921947922776E-01 -1.004300610217E+04 -3.851203071846E+03
  2.735951163893E+00  9.169999993672E+00  2.724042474716E+01  1.196490383862E+01 -1.906664851060E+00  8.609337446938E-01 -3.960547365873E-01 -7.348318784654E+03 -5.009113591850E+03
  2.756932994564E+00  9.239999993672E+00  2.761186153571E+01  1.769969779721E+01 -1.900934557352E+00  8.547855134492E-01 -3.996161375506E-01 -5.737522579595E+03 -5.695666561445E+03
  2.777914904943E+00  9.309999993672E+00  2.789747962813E+01  1.361032996426E+01 -1.895276075819E+00  8.491529710738E-01 -4.032951870272E-01 -1.060087525004E+04 -3.333429681063E+03
  2.798896896175E+00  9.379999993672E+00  2.818585355529E+01  1.374154375644E+01 -1.889681610825E+00  8.436320079461E-01 -4.069067720937E-01 -5.432812745788E+03 -5.735425504618E+03
  2.819878962143E+00  9.449999993672E+00  2.855686436668E+01  1.767942809679E+01 -1.884161085161E+00  8.377079021833E-01 -4.102013529830E-01 -7.627017318013E+03 -4.600360271401E+03
  2.840861101698E+00  9.519999993672E+00  2.880986296809E+01  1.205592739074E+01 -1.878713421143E+00  8.320263368308E-01 -4.134882288957E-01 -1.049900452397E+04 -3.092063665691E+03
  2.861843313939E+00  9.589999993672E+00  2.914357745461E+01  1.590211823249E+01 -1.873339162031E+00  8.257780140032E-01 -4.163606784361E-01 -6.029086055967E+03 -5.230079163552E+03
  2.882825593186E+00  9.659999993672E+00  2.948432489386E+01  1.623734296679E+01 -1.868052657459E+00  8.195574482547E-01 -4.191063760355E-01 -1.007561756836E+04 -3.064293139569E+03
  2.903807940102E+00  9.729999993672E+00  2.972934772114E+01  1.167581248628E+01 -1.862855434585E+00  8.137925410740E-01 -4.219372834890E-01 -8.674329968310E+03 -3.650096966979E+03
  2.924790351365E+00  9.799999993672E+00  3.009460503192E+01  1.740522398587E+01 -1.857764309835E+00  8.076700460652E-01 -4.244216343766E-01 -6.336284636266E+03 -4.716437753682E+03
  2.945772824120E+00  9.869999993672E+00  3.039735545499E+01  1.442671940447E+01 -1.852806330586E+00  8.018994565631E-01 -4.269076892467E-01 -1.100409196667E+04 -2.045300997591E+03
  2.966755359881E+00  9.939999993672E+00  3.067168089426E+01  1.307210597982E+01 -1.848008590134E+00  7.965036406851E-01 -4.293796510866E-01 -6.388835888775E+03 -4.251644143640E+03
  2.987737953523E+00  1.000999999367E+01  3.104355041897E+01  1.772033309026E+01 -1.843431391670E+00  7.910035934822E-01 -4.315303620973E-01 -6.821648626351E+03 -3.656724156047E+03
  3.008720603873E+00  1.007999999367E+01  3.130477097688E+01  1.244772191029E+01 -1.839161723315E+00  7.860259004701E-01 -4.336147589027E-01 -1.021335295260E+04 -1.255514146620E+03
  3.029703311222E+00  1.014999999367E+01  3.162468569476E+01  1.524452695719E+01 -1.835334322287E+00  7.808257950989E-01 -4.350888396993E-01 -5.296202876991E+03 -3.178223521345E+03
  3.050686071528E+00  1.021999999367E+01  3.198037812802E+01  1.694948509982E+01 -1.832143303615E+00  7.757355998508E-01 -4.359409910232E-01 -8.232447701974E+03 -4.009129509958E+02
  3.071668884957E+00  1.028999999367E+01  3.222330770958E+01  1.157607637280E+01 -1.829756658707E+00  7.713566776117E-01 -4.363271881050E-01 -7.607309832541E+03  6.067509426889E+02
  3.092651749199E+00  1.035999999367E+01  3.257970247551E+01  1.698289702860E+01 -1.828195956733E+00  7.669308012467E-01 -4.358044686667E-01 -4.235174613077E+03 -8.271135384242E+01
  3.113634661640E+00  1.042999999367E+01  3.289523060317E+01  1.503559677258E+01 -1.827288064026E+00  7.629592591724E-01 -4.348563901354E-01 -8.304638146122E+03  3.060315945978E+03
  3.134617623484E+00  1.049999999367E+01  3.315722035351E+01  1.248429790537E+01 -1.826787877861E+00  7.594910883931E-01 -4.337799609149E-01 -4.556851508794E+03  1.387859412451E+03
  3.155600631603E+00  1.056999999367E+01  3.353291805498E+01  1.790274712822E+01 -1.826511094960E+00  7.559705827750E-01 -4.324483422447E-01 -3.811150673526E+03  1.205938976583E+03
  3.176583684619E+00  1.063999999367E+01  3.380535412122E+01  1.298216770157E+01 -1.826352067073E+00  7.529458366304E-01 -4.312801064534E-01 -7.675826693272E+03  3.549659715466E+03
  3.197566783059E+00  1.070999999367E+01  3.411049113905E+01  1.454034839061E+01 -1.826256326168E+00  7.498209116431E-01 -4.299892239240E-01 -2.999160226150E+03  9.423376281927E+02
  3.218549923623E+00  1.077999999367E+01  3.447421288315E+01  1.733209440625E+01 -1.826196293445E+00  7.464862433927E-01 -4.285385159399E-01 -5.634195275356E+03  2.496040792407E+03
  3.239533106244E+00  1.084999999367E+01  3.472107250782E+01  1.176337337016E+01 -1.826157289850E+00  7.433856909256E-01 -4.271978359112E-01 -6.987252990393E+03  3.299835712951E+03
  3.260516330610E+00  1.091999999367E+01  3.506592904773E+01  1.643306970161E+01 -1.826131257203E+00  7.398330087267E-01 -4.255812551231E-01 -2.331583535815E+03  6.388711394086E+02
  3.281499577308E+00  1.098999999367E+01  3.508654011419E+01  9.821550350357E-01 -1.826113492735E+00  7.394881677292E-01 -4.257995732329E-01 -2.839502735146E+02 -5.285059299031E+02
  3.296929999950E+00  1.104147580198E+01  3.508581652285E+01 -4.688884315269E-02 -1.826104059512E+00  7.393492219909E-01 -4.260226170946E-01 -3.358967939177E+02 -4.929988009702E+02
  3.296930000000E+00  1.104147580214E+01  3.508581652285E+01  0.000000000000E+00 -1.826104059512E+00  7.393492219904E-01 -4.260226170953E-01 -3.358967939109E+02 -4.929988009584E+02
