  0.0000E+00 -6.3282E-09  1.4710E-05  2.4297E-01  1.1804E+03  1.2500E-01 -2.3301E-02
  1.5981E-02  7.0000E-02  1.7603E-05  2.5507E-01  2.7346E+00  2.4137E-01  2.7238E+00
  2.0054E-02  8.3984E-02 -6.5703E-05  2.7631E-01  7.7700E+00  1.9783E+00  7.5876E+00
  3.0063E-02  1.1823E-01 -6.4720E-04  3.9060E-01  1.3944E+01  3.5944E+00  1.3784E+01
  4.0084E-02  1.5250E-01 -1.2775E-03  5.1230E-01  8.9440E+00  3.7930E+00  8.8074E+00
  5.0106E-02  1.8650E-01 -1.6701E-03  5.6288E-01  2.5193E+00  3.7033E+00  2.2979E+00
  6.0126E-02  2.2023E-01 -1.9085E-03  5.8013E-01  2.2130E+00  3.5980E+00  2.0888E+00
  7.0147E-02  2.5386E-01 -2.1589E-03  6.1475E-01  5.0693E+00  3.5207E+00  5.0360E+00
  8.0168E-02  2.8745E-01 -2.4672E-03  6.7596E-01  6.7940E+00  3.4560E+00  6.7754E+00
  9.0189E-02  3.2104E-01 -2.7680E-03  7.4289E-01  6.4533E+00  3.4171E+00  6.4374E+00
  1.0021E-01  3.5464E-01 -3.0193E-03  8.0307E-01  5.6523E+00  3.4157E+00  5.6366E+00
  1.1023E-01  3.8823E-01 -3.2176E-03  8.5544E-01  4.8699E+00  3.4411E+00  4.8536E+00
  1.2025E-01  4.2182E-01 -3.3667E-03  9.0000E-01  4.0881E+00  3.4837E+00  4.0702E+00
  1.3027E-01  4.5541E-01 -3.4746E-03  9.3698E-01  3.3508E+00  3.5508E+00  3.3298E+00
  1.4029E-01  4.8901E-01 -3.5531E-03  9.6709E-01  2.7137E+00  3.6287E+00  2.6883E+00
  1.5031E-01  5.2257E-01 -3.6147E-03  9.9146E-01  2.2088E+00  3.7044E+00  2.1778E+00
  1.6034E-01  5.5619E-01 -3.6707E-03  1.0115E+00  1.8404E+00  3.7698E+00  1.8032E+00
  1.7036E-01  5.8978E-01 -3.7288E-03  1.0283E+00  1.5950E+00  3.8197E+00  1.5522E+00
  1.8038E-01  6.2337E-01 -3.7936E-03  1.0432E+00  1.4454E+00  3.8535E+00  1.3986E+00
  1.9040E-01  6.5696E-01 -3.8666E-03  1.0568E+00  1.3633E+00  3.8774E+00  1.3142E+00
  2.0042E-01  6.9055E-01 -3.9476E-03  1.0699E+00  1.3250E+00  3.8947E+00  1.2753E+00
  2.1044E-01  7.2414E-01 -4.0352E-03  1.0826E+00  1.3135E+00  3.9093E+00  1.2641E+00
  2.2046E-01  7.5773E-01 -4.1276E-03  1.0953E+00  1.3182E+00  3.9227E+00  1.2699E+00
  2.3048E-01  7.9132E-01 -4.2234E-03  1.1081E+00  1.3322E+00  3.9346E+00  1.2853E+00
  2.4051E-01  8.2491E-01 -4.3212E-03  1.1210E+00  1.3513E+00  3.9459E+00  1.3059E+00
  2.5053E-01  8.5850E-01 -4.4197E-03  1.1342E+00  1.3727E+00  3.9576E+00  1.3288E+00
  2.6055E-01  8.9209E-01 -4.5181E-03  1.1476E+00  1.3959E+00  3.9700E+00  1.3535E+00
  2.7057E-01  9.2568E-01 -4.6158E-03  1.1612E+00  1.4196E+00  3.9831E+00  1.3786E+00
  2.8059E-01  9.5927E-01 -4.7123E-03  1.1751E+00  1.4429E+00  3.9966E+00  1.4033E+00
  2.9061E-01  9.9286E-01 -4.8072E-03  1.1892E+00  1.4663E+00  4.0105E+00  1.4280E+00
  3.0063E-01  1.0265E+00 -4.9003E-03  1.2036E+00  1.4894E+00  4.0255E+00  1.4523E+00
  3.1065E-01  1.0600E+00 -4.9915E-03  1.2182E+00  1.5118E+00  4.0412E+00  1.4759E+00
  3.2067E-01  1.0936E+00 -5.0806E-03  1.2330E+00  1.5338E+00  4.0575E+00  1.4990E+00
  3.3069E-01  1.1272E+00 -5.1676E-03  1.2480E+00  1.5553E+00  4.0742E+00  1.5215E+00
  3.4072E-01  1.1608E+00 -5.2524E-03  1.2633E+00  1.5760E+00  4.0907E+00  1.5432E+00
  3.5074E-01  1.1944E+00 -5.3350E-03  1.2788E+00  1.5963E+00  4.1077E+00  1.5645E+00
  3.6076E-01  1.2280E+00 -5.4154E-03  1.2945E+00  1.6160E+00  4.1246E+00  1.5851E+00
  3.7078E-01  1.2616E+00 -5.4936E-03  1.3104E+00  1.6350E+00  4.1412E+00  1.6050E+00
  3.8080E-01  1.2952E+00 -5.5696E-03  1.3265E+00  1.6536E+00  4.1580E+00  1.6244E+00
  3.9082E-01  1.3288E+00 -5.6434E-03  1.3427E+00  1.6716E+00  4.1747E+00  1.6432E+00
  4.0084E-01  1.3624E+00 -5.7150E-03  1.3592E+00  1.6890E+00  4.1916E+00  1.6614E+00
  4.1086E-01  1.3959E+00 -5.7846E-03  1.3758E+00  1.7061E+00  4.2083E+00  1.6791E+00
  4.2088E-01  1.4295E+00 -5.8520E-03  1.3926E+00  1.7226E+00  4.2250E+00  1.6963E+00
  4.3091E-01  1.4631E+00 -5.9175E-03  1.4096E+00  1.7385E+00  4.2413E+00  1.7129E+00
  4.4093E-01  1.4967E+00 -5.9809E-03  1.4267E+00  1.7540E+00  4.2574E+00  1.7291E+00
  4.5095E-01  1.5303E+00 -6.0425E-03  1.4440E+00  1.7691E+00  4.2720E+00  1.7448E+00
  4.6097E-01  1.5639E+00 -6.1024E-03  1.4615E+00  1.7838E+00  4.2819E+00  1.7602E+00
  4.7099E-01  1.5975E+00 -6.1603E-03  1.4791E+00  1.7980E+00  4.2972E+00  1.7750E+00
  4.8101E-01  1.6311E+00 -6.2164E-03  1.4968E+00  1.8119E+00  4.3123E+00  1.7894E+00
  4.9103E-01  1.6647E+00 -6.2706E-03  1.5147E+00  1.8253E+00  4.3271E+00  1.8034E+00
  5.0105E-01  1.6983E+00 -6.3230E-03  1.5328E+00  1.8384E+00  4.3417E+00  1.8170E+00
  5.1107E-01  1.7318E+00 -6.3737E-03  1.5509E+00  1.8511E+00  4.3560E+00  1.8302E+00
  5.2110E-01  1.7654E+00 -6.4226E-03  1.5692E+00  1.8635E+00  4.3699E+00  1.8431E+00
  5.3112E-01  1.7990E+00 -6.4699E-03  1.5876E+00  1.8754E+00  4.3836E+00  1.8555E+00
  5.4114E-01  1.8326E+00 -6.5157E-03  1.6062E+00  1.8871E+00  4.3974E+00  1.8676E+00
  5.5116E-01  1.8662E+00 -6.5598E-03  1.6248E+00  1.8985E+00  4.4111E+00  1.8795E+00
  5.6118E-01  1.8998E+00 -6.6024E-03  1.6436E+00  1.9095E+00  4.4247E+00  1.8909E+00
  5.7120E-01  1.9334E+00 -6.6436E-03  1.6625E+00  1.9203E+00  4.4380E+00  1.9022E+00
  5.8122E-01  1.9670E+00 -6.6833E-03  1.6815E+00  1.9308E+00  4.4512E+00  1.9131E+00
  5.9124E-01  2.0006E+00 -6.7216E-03  1.7006E+00  1.9411E+00  4.4644E+00  1.9237E+00
  6.0126E-01  2.0342E+00 -6.7585E-03  1.7198E+00  1.9510E+00  4.4775E+00  1.9340E+00
  6.1128E-01  2.0677E+00 -6.7941E-03  1.7391E+00  1.9607E+00  4.4906E+00  1.9440E+00
  6.2131E-01  2.1013E+00 -6.8283E-03  1.7585E+00  1.9702E+00  4.5034E+00  1.9539E+00
  6.3133E-01  2.1349E+00 -6.8613E-03  1.7780E+00  1.9794E+00  4.5159E+00  1.9635E+00
  6.4135E-01  2.1685E+00 -6.8931E-03  1.7976E+00  1.9884E+00  4.5281E+00  1.9728E+00
  6.5137E-01  2.2021E+00 -6.9237E-03  1.8173E+00  1.9972E+00  4.5401E+00  1.9819E+00
  6.6139E-01  2.2357E+00 -6.9531E-03  1.8371E+00  2.0058E+00  4.5519E+00  1.9909E+00
  6.7141E-01  2.2693E+00 -6.9814E-03  1.8569E+00  2.0142E+00  4.5637E+00  1.9995E+00
  6.8143E-01  2.3029E+00 -7.0086E-03  1.8769E+00  2.0224E+00  4.5751E+00  2.0080E+00
  6.9145E-01  2.3365E+00 -7.0347E-03  1.8969E+00  2.0303E+00  4.5864E+00  2.0163E+00
  7.0147E-01  2.3701E+00 -7.0598E-03  1.9170E+00  2.0381E+00  4.5978E+00  2.0243E+00
  7.1150E-01  2.4036E+00 -7.0838E-03  1.9372E+00  2.0458E+00  4.6088E+00  2.0322E+00
  7.2152E-01  2.4372E+00 -7.1068E-03  1.9575E+00  2.0532E+00  4.6197E+00  2.0400E+00
  7.3154E-01  2.4708E+00 -7.1289E-03  1.9779E+00  2.0605E+00  4.6304E+00  2.0475E+00
  7.4156E-01  2.5044E+00 -7.1500E-03  1.9983E+00  2.0676E+00  4.6407E+00  2.0548E+00
  7.5158E-01  2.5380E+00 -7.1702E-03  2.0188E+00  2.0745E+00  4.6511E+00  2.0620E+00
  7.6160E-01  2.5716E+00 -7.1894E-03  2.0394E+00  2.0813E+00  4.6612E+00  2.0691E+00
  7.7162E-01  2.6052E+00 -7.2078E-03  2.0600E+00  2.0880E+00  4.6712E+00  2.0760E+00
  7.8164E-01  2.6388E+00 -7.2253E-03  2.0807E+00  2.0945E+00  4.6811E+00  2.0827E+00
  7.9166E-01  2.6724E+00 -7.2419E-03  2.1015E+00  2.1009E+00  4.6909E+00  2.0893E+00
  8.0169E-01  2.7060E+00 -7.2578E-03  2.1223E+00  2.1071E+00  4.7006E+00  2.0957E+00
  8.1171E-01  2.7395E+00 -7.2728E-03  2.1432E+00  2.1132E+00  4.7102E+00  2.1020E+00
  8.2173E-01  2.7731E+00 -7.2870E-03  2.1642E+00  2.1191E+00  4.7198E+00  2.1082E+00
  8.3175E-01  2.8067E+00 -7.3005E-03  2.1852E+00  2.1250E+00  4.7294E+00  2.1142E+00
  8.4177E-01  2.8403E+00 -7.3132E-03  2.2063E+00  2.1307E+00  4.7389E+00  2.1201E+00
  8.5179E-01  2.8739E+00 -7.3252E-03  2.2274E+00  2.1363E+00  4.7483E+00  2.1259E+00
  8.6181E-01  2.9075E+00 -7.3365E-03  2.2486E+00  2.1417E+00  4.7577E+00  2.1315E+00
  8.7183E-01  2.9411E+00 -7.3471E-03  2.2699E+00  2.1471E+00  4.7670E+00  2.1371E+00
  8.8182E-01  2.9746E+00 -7.3569E-03  2.2911E+00  2.1524E+00  4.7765E+00  2.1425E+00
  8.9187E-01  3.0083E+00 -7.3662E-03  2.3126E+00  2.1575E+00  4.7859E+00  2.1478E+00
  8.9405E-01  3.0156E+00 -7.3681E-03  2.3172E+00  2.1586E+00  4.7880E+00  2.1489E+00
  9.0190E-01  3.0419E+00 -7.3748E-03  2.3340E+00  2.1625E+00  4.7954E+00  2.1530E+00
  9.1192E-01  3.0754E+00 -7.3828E-03  2.3554E+00  2.1675E+00  4.8051E+00  2.1581E+00
  9.2194E-01  3.1090E+00 -7.3901E-03  2.3769E+00  2.1723E+00  4.8145E+00  2.1631E+00
  9.3196E-01  3.1426E+00 -7.3968E-03  2.3985E+00  2.1771E+00  4.8238E+00  2.1680E+00
  9.4198E-01  3.1762E+00 -7.4029E-03  2.4201E+00  2.1818E+00  4.8330E+00  2.1729E+00
  9.5200E-01  3.2098E+00 -7.4085E-03  2.4418E+00  2.1864E+00  4.8423E+00  2.1776E+00
  9.6202E-01  3.2434E+00 -7.4135E-03  2.4635E+00  2.1909E+00  4.8516E+00  2.1822E+00
  9.7204E-01  3.2770E+00 -7.4179E-03  2.4853E+00  2.1953E+00  4.8608E+00  2.1868E+00
  9.8030E-01  3.3047E+00 -7.4211E-03  2.5032E+00  2.1988E+00  4.8683E+00  2.1904E+00
  9.8206E-01  3.3106E+00 -7.4218E-03  2.5071E+00  2.1996E+00  4.8699E+00  2.1912E+00
  9.9208E-01  3.3442E+00 -7.4251E-03  2.5289E+00  2.2038E+00  4.8792E+00  2.1956E+00
  1.0021E+00  3.3778E+00 -7.4279E-03  2.5508E+00  2.2080E+00  4.8885E+00  2.1999E+00
  1.0121E+00  3.4114E+00 -7.4303E-03  2.5727E+00  2.2121E+00  4.8980E+00  2.2041E+00
  1.0221E+00  3.4449E+00 -7.4321E-03  2.5947E+00  2.2162E+00  4.9077E+00  2.2083E+00
  1.0322E+00  3.4785E+00 -7.4334E-03  2.6167E+00  2.2201E+00  4.9169E+00  2.2124E+00
  1.0422E+00  3.5121E+00 -7.4343E-03  2.6387E+00  2.2240E+00  4.9262E+00  2.2164E+00
  1.0522E+00  3.5457E+00 -7.4347E-03  2.6608E+00  2.2278E+00  4.9356E+00  2.2203E+00
  1.0622E+00  3.5793E+00 -7.4346E-03  2.6830E+00  2.2316E+00  4.9451E+00  2.2242E+00
  1.0723E+00  3.6129E+00 -7.4342E-03  2.7051E+00  2.2353E+00  4.9548E+00  2.2280E+00
  1.0823E+00  3.6465E+00 -7.4332E-03  2.7273E+00  2.2389E+00  4.9641E+00  2.2317E+00
  1.0923E+00  3.6801E+00 -7.4319E-03  2.7496E+00  2.2424E+00  4.9734E+00  2.2353E+00
  1.1023E+00  3.7137E+00 -7.4301E-03  2.7719E+00  2.2459E+00  4.9829E+00  2.2389E+00
  1.1123E+00  3.7473E+00 -7.4280E-03  2.7942E+00  2.2494E+00  4.9925E+00  2.2425E+00
  1.1224E+00  3.7808E+00 -7.4255E-03  2.8165E+00  2.2528E+00  5.0022E+00  2.2460E+00
  1.1324E+00  3.8144E+00 -7.4226E-03  2.8389E+00  2.2561E+00  5.0114E+00  2.2494E+00
  1.1424E+00  3.8480E+00 -7.4193E-03  2.8613E+00  2.2594E+00  5.0207E+00  2.2527E+00
  1.1524E+00  3.8816E+00 -7.4157E-03  2.8838E+00  2.2626E+00  5.0300E+00  2.2560E+00
  1.1624E+00  3.9152E+00 -7.4118E-03  2.9063E+00  2.2658E+00  5.0395E+00  2.2593E+00
  1.1725E+00  3.9488E+00 -7.4075E-03  2.9288E+00  2.2689E+00  5.0491E+00  2.2625E+00
  1.1825E+00  3.9824E+00 -7.4030E-03  2.9513E+00  2.2719E+00  5.0584E+00  2.2656E+00
  1.1925E+00  4.0160E+00 -7.3983E-03  2.9739E+00  2.2749E+00  5.0677E+00  2.2687E+00
  1.2025E+00  4.0496E+00 -7.3938E-03  2.9967E+00  2.3218E+00  5.1292E+00  2.3156E+00
  1.2125E+00  4.0832E+00 -7.3928E-03  3.0204E+00  2.4789E+00  5.3786E+00  2.4726E+00
  1.2226E+00  4.1167E+00 -7.3971E-03  3.0457E+00  2.4410E+00  5.2797E+00  2.4350E+00
  1.2326E+00  4.1503E+00 -7.3710E-03  3.0596E+00  2.3412E-01  4.0926E+00 -1.9361E-01
  1.2426E+00  4.1839E+00 -7.3103E-03  3.0398E+00  3.2931E+00  5.6170E+00 -3.2883E+00
  1.2526E+00  4.2175E+00 -7.3014E-03  3.0089E+00  2.2081E+00  9.3535E+00 -2.1893E+00
  1.2597E+00  4.2413E+00 -7.3221E-03  3.0009E+00  3.6889E-01  8.2791E+00 -2.7023E-01
  1.2627E+00  4.2511E+00 -7.3263E-03  3.0003E+00  2.5844E-01  6.6510E+00 -1.6256E-01
  1.2727E+00  4.2846E+00 -7.3016E-03  2.9889E+00  2.4000E+00  5.5153E+00 -2.3944E+00
  1.2827E+00  4.3182E+00 -7.2748E-03  2.9602E+00  2.7083E+00  8.1480E+00 -2.6980E+00
  1.2927E+00  4.3517E+00 -7.2969E-03  2.9456E+00  3.6305E-01  8.5341E+00 -2.6963E-01
  1.2931E+00  4.3529E+00 -7.2979E-03  2.9455E+00  3.2682E-01  8.3561E+00 -2.2406E-01
  1.3027E+00  4.3853E+00 -7.2964E-03  2.9403E+00  1.4547E+00  5.3246E+00 -1.4470E+00
  1.3128E+00  4.4188E+00 -7.2664E-03  2.9164E+00  2.8650E+00  6.8725E+00 -2.8588E+00
  1.3228E+00  4.4523E+00 -7.2758E-03  2.8956E+00  9.8820E-01  9.1338E+00 -9.5693E-01
  1.3264E+00  4.4645E+00 -7.2875E-03  2.8935E+00  3.6570E-01  7.7687E+00 -3.0028E-01
  1.3328E+00  4.4859E+00 -7.2926E-03  2.8913E+00  7.3610E-01  5.2219E+00 -7.2282E-01
  1.3428E+00  4.5194E+00 -7.2674E-03  2.8738E+00  2.6030E+00  6.5963E+00 -2.5972E+00
  1.3528E+00  4.5529E+00 -7.2888E-03  2.8498E+00  1.7098E+00  1.0382E+01 -1.6888E+00
  1.3597E+00  4.5760E+00 -7.3286E-03  2.8434E+00  4.0206E-01  9.2360E+00 -3.2606E-01
  1.3629E+00  4.5864E+00 -7.3437E-03  2.8426E+00  3.3922E-01  7.5870E+00 -2.7925E-01
  1.3729E+00  4.6199E+00 -7.3588E-03  2.8320E+00  2.0253E+00  6.6688E+00 -2.0184E+00
  1.3829E+00  4.6535E+00 -7.3692E-03  2.8086E+00  2.1860E+00  9.2272E+00 -2.1742E+00
  1.3929E+00  4.6870E+00 -7.4219E-03  2.7964E+00  4.1717E-01  9.3192E+00 -3.5066E-01
  1.3931E+00  4.6874E+00 -7.4228E-03  2.7964E+00  4.0578E-01  9.2513E+00 -3.3816E-01
  1.4029E+00  4.7205E+00 -7.4563E-03  2.7903E+00  1.3770E+00  6.4079E+00 -1.3684E+00
  1.4130E+00  4.7540E+00 -7.4607E-03  2.7695E+00  2.4193E+00  8.0197E+00 -2.4119E+00
  1.4230E+00  4.7875E+00 -7.4962E-03  2.7518E+00  9.4020E-01  9.9944E+00 -9.1102E-01
  1.4264E+00  4.7989E+00 -7.5150E-03  2.7496E+00  4.9879E-01  8.7339E+00 -4.5589E-01
  1.4330E+00  4.8209E+00 -7.5377E-03  2.7462E+00  8.6191E-01  6.2451E+00 -8.4983E-01
  1.4430E+00  4.8544E+00 -7.5387E-03  2.7296E+00  2.2979E+00  7.6709E+00 -2.2913E+00
  1.4531E+00  4.8879E+00 -7.5668E-03  2.7087E+00  1.5362E+00  1.1182E+01 -1.5156E+00
  1.4597E+00  4.9103E+00 -7.6065E-03  2.7024E+00  5.4572E-01  1.0027E+01 -4.9813E-01
  1.4631E+00  4.9214E+00 -7.6237E-03  2.7009E+00  5.1991E-01  8.3679E+00 -4.8569E-01
  1.4731E+00  4.9549E+00 -7.6440E-03  2.6897E+00  1.8916E+00  7.6428E+00 -1.8841E+00
  1.4831E+00  4.9884E+00 -7.6560E-03  2.6686E+00  1.9570E+00  1.0127E+01 -1.9447E+00
  1.4931E+00  5.0216E+00 -7.7039E-03  2.6568E+00  5.5879E-01  1.0019E+01 -5.1603E-01
  1.5032E+00  5.0554E+00 -7.7366E-03  2.6491E+00  1.3978E+00  7.3402E+00 -1.3891E+00
  1.5132E+00  5.0888E+00 -7.7400E-03  2.6298E+00  2.1836E+00  8.9563E+00 -2.1755E+00
  1.5232E+00  5.1223E+00 -7.7697E-03  2.6134E+00  9.6772E-01  1.0669E+01 -9.4216E-01
  1.5264E+00  5.1330E+00 -7.7850E-03  2.6110E+00  6.4356E-01  9.5232E+00 -6.1275E-01
  1.5332E+00  5.1558E+00 -7.8057E-03  2.6064E+00  9.8052E-01  7.1070E+00 -9.6957E-01
  1.5432E+00  5.1893E+00 -7.8051E-03  2.5902E+00  2.1079E+00  8.4453E+00 -2.1009E+00
  1.5533E+00  5.2227E+00 -7.8240E-03  2.5712E+00  1.4380E+00  1.1541E+01 -1.4192E+00
  1.5597E+00  5.2443E+00 -7.8547E-03  2.5649E+00  6.6567E-01  1.0413E+01 -6.3225E-01
  1.5633E+00  5.2562E+00 -7.8693E-03  2.5628E+00  6.6303E-01  8.7801E+00 -6.3946E-01
  1.5733E+00  5.2897E+00 -7.8825E-03  2.5510E+00  1.7908E+00  8.2306E+00 -1.7834E+00
  1.5833E+00  5.3231E+00 -7.8872E-03  2.5316E+00  1.7921E+00  1.0581E+01 -1.7801E+00
  1.5931E+00  5.3557E+00 -7.9231E-03  2.5203E+00  6.6922E-01  1.0375E+01 -6.3820E-01
  1.5933E+00  5.3566E+00 -7.9243E-03  2.5201E+00  6.5591E-01  1.0257E+01 -6.2497E-01
  1.6034E+00  5.3901E+00 -7.9480E-03  2.5115E+00  1.3924E+00  7.9077E+00 -1.3841E+00
  1.6134E+00  5.4235E+00 -7.9454E-03  2.4933E+00  1.9962E+00  9.4865E+00 -1.9879E+00
  1.6234E+00  5.4570E+00 -7.9663E-03  2.4780E+00  9.7577E-01  1.0948E+01 -9.5354E-01
  1.6264E+00  5.4670E+00 -7.9776E-03  2.4756E+00  7.3452E-01  9.9275E+00 -7.1020E-01
  1.6334E+00  5.4905E+00 -7.9936E-03  2.4701E+00  1.0437E+00  7.6336E+00 -1.0338E+00
  1.6435E+00  5.5239E+00 -7.9881E-03  2.4546E+00  1.9465E+00  8.8139E+00 -1.9395E+00
  1.6535E+00  5.5574E+00 -7.9937E-03  2.4370E+00  1.3514E+00  1.1443E+01 -1.3347E+00
  1.6597E+00  5.5783E+00 -8.0133E-03  2.4309E+00  7.3894E-01  1.0372E+01 -7.1385E-01
  1.6635E+00  5.5908E+00 -8.0233E-03  2.4283E+00  7.5187E-01  8.8018E+00 -7.3427E-01
  1.6735E+00  5.6243E+00 -8.0248E-03  2.4164E+00  1.6924E+00  8.4148E+00 -1.6854E+00
  1.6835E+00  5.6578E+00 -8.0182E-03  2.3985E+00  1.6522E+00  1.0591E+01 -1.6411E+00
  1.6931E+00  5.6896E+00 -8.0394E-03  2.3876E+00  7.3584E-01  1.0316E+01 -7.1209E-01
  1.6936E+00  5.6912E+00 -8.0408E-03  2.3873E+00  7.1794E-01  1.0126E+01 -6.9449E-01
  1.7036E+00  5.7247E+00 -8.0517E-03  2.3781E+00  1.3656E+00  8.0831E+00 -1.3580E+00
  1.7136E+00  5.7581E+00 -8.0395E-03  2.3611E+00  1.8360E+00  9.6330E+00 -1.8281E+00
  1.7236E+00  5.7916E+00 -8.0488E-03  2.3468E+00  9.6770E-01  1.0856E+01 -9.4863E-01
  1.7264E+00  5.8009E+00 -8.0557E-03  2.3444E+00  7.8657E-01  9.9661E+00 -7.6679E-01
  1.7336E+00  5.8251E+00 -8.0643E-03  2.3384E+00  1.0706E+00  7.8363E+00 -1.0617E+00
  1.7437E+00  5.8585E+00 -8.0506E-03  2.3234E+00  1.8051E+00  8.8541E+00 -1.7985E+00
  1.7537E+00  5.8920E+00 -8.0463E-03  2.3072E+00  1.2733E+00  1.1042E+01 -1.2589E+00
  1.7597E+00  5.9122E+00 -8.0576E-03  2.3013E+00  7.8164E-01  1.0047E+01 -7.6222E-01
  1.7637E+00  5.9254E+00 -8.0635E-03  2.2983E+00  8.0559E-01  8.5667E+00 -7.9198E-01
  1.7737E+00  5.9589E+00 -8.0560E-03  2.2865E+00  1.5992E+00  8.3221E+00 -1.5929E+00
  1.7837E+00  5.9923E+00 -8.0413E-03  2.2698E+00  1.5320E+00  1.0298E+01 -1.5220E+00
  1.7931E+00  6.0234E+00 -8.0516E-03  2.2595E+00  7.7488E-01  9.9789E+00 -7.5626E-01
  1.7938E+00  6.0258E+00 -8.0528E-03  2.2590E+00  7.5519E-01  9.7312E+00 -7.3703E-01
  1.8038E+00  6.0592E+00 -8.0537E-03  2.2496E+00  1.3282E+00  7.9901E+00 -1.3213E+00
  1.8138E+00  6.0927E+00 -8.0356E-03  2.2336E+00  1.6968E+00  9.5970E+00 -1.6892E+00
  1.8238E+00  6.1261E+00 -8.0384E-03  2.2201E+00  9.5033E-01  1.0598E+01 -9.3382E-01
  1.8264E+00  6.1347E+00 -8.0426E-03  2.2179E+00  8.1371E-01  9.8365E+00 -7.9711E-01
  1.8339E+00  6.1596E+00 -8.0466E-03  2.2115E+00  1.0751E+00  7.8917E+00 -1.0671E+00
  1.8439E+00  6.1930E+00 -8.0290E-03  2.1972E+00  1.6801E+00  8.7747E+00 -1.6738E+00
  1.8539E+00  6.2265E+00 -8.0183E-03  2.1821E+00  1.2030E+00  1.0587E+01 -1.1904E+00
  1.8597E+00  6.2460E+00 -8.0240E-03  2.1765E+00  8.0470E-01  9.6726E+00 -7.8897E-01
  1.8639E+00  6.2599E+00 -8.0268E-03  2.1732E+00  8.3651E-01  8.2960E+00 -8.2544E-01
  1.8739E+00  6.2934E+00 -8.0133E-03  2.1616E+00  1.5122E+00  8.1714E+00 -1.5063E+00
  1.8840E+00  6.3268E+00 -7.9935E-03  2.1460E+00  1.4272E+00  9.9480E+00 -1.4181E+00
  1.8931E+00  6.3572E+00 -7.9965E-03  2.1363E+00  7.9578E-01  9.5993E+00 -7.8058E-01
  1.8940E+00  6.3603E+00 -7.9972E-03  2.1356E+00  7.7605E-01  9.3080E+00 -7.6140E-01
  1.9040E+00  6.3937E+00 -7.9914E-03  2.1261E+00  1.2850E+00  7.8445E+00 -1.2788E+00
  1.9140E+00  6.4271E+00 -7.9702E-03  2.1110E+00  1.5727E+00  9.6712E+00 -1.5650E+00
  1.9240E+00  6.4606E+00 -7.9694E-03  2.0984E+00  9.2609E-01  1.0473E+01 -9.1097E-01
  1.9264E+00  6.4685E+00 -7.9721E-03  2.0964E+00  8.2291E-01  9.8291E+00 -8.0792E-01
  1.9341E+00  6.4940E+00 -7.9734E-03  2.0897E+00  1.0635E+00  8.0712E+00 -1.0558E+00
  1.9441E+00  6.5275E+00 -7.9542E-03  2.0761E+00  1.5664E+00  8.8636E+00 -1.5601E+00
  1.9541E+00  6.5609E+00 -7.9417E-03  2.0620E+00  1.1372E+00  1.0390E+01 -1.1253E+00
  1.9597E+00  6.5797E+00 -7.9450E-03  2.0567E+00  8.1222E-01  9.5523E+00 -7.9823E-01
  1.9641E+00  6.5944E+00 -7.9463E-03  2.0532E+00  8.4936E-01  8.2759E+00 -8.3936E-01
  1.9741E+00  6.6278E+00 -7.9311E-03  2.0419E+00  1.4280E+00  8.2483E+00 -1.4222E+00
  1.9842E+00  6.6613E+00 -7.9103E-03  2.0274E+00  1.3314E+00  9.8450E+00 -1.3225E+00
  1.9931E+00  6.6910E+00 -7.9102E-03  2.0182E+00  8.0059E-01  9.4767E+00 -7.8694E-01
  1.9942E+00  6.6947E+00 -7.9108E-03  2.0174E+00  7.8182E-01  9.1520E+00 -7.6879E-01
  2.0042E+00  6.7281E+00 -7.9021E-03  2.0079E+00  1.2344E+00  7.9280E+00 -1.2283E+00
  2.0142E+00  6.7616E+00 -7.8810E-03  1.9938E+00  1.4553E+00  1.0070E+01 -1.4470E+00
  2.0243E+00  6.7950E+00 -7.8795E-03  1.9820E+00  8.9140E-01  1.0696E+01 -8.7610E-01
  2.0264E+00  6.8022E+00 -7.8815E-03  1.9802E+00  8.1342E-01  1.0160E+01 -7.9829E-01
  2.0343E+00  6.8285E+00 -7.8820E-03  1.9735E+00  1.0341E+00  8.5819E+00 -1.0256E+00
  2.0443E+00  6.8619E+00 -7.8634E-03  1.9606E+00  1.4536E+00  9.3141E+00 -1.4466E+00
  2.0543E+00  6.8954E+00 -7.8508E-03  1.9475E+00  1.0652E+00  1.0622E+01 -1.0528E+00
  2.0597E+00  6.9134E+00 -7.8528E-03  1.9427E+00  7.9808E-01  9.8580E+00 -7.8385E-01
  2.0643E+00  6.9288E+00 -7.8532E-03  1.9391E+00  8.3801E-01  8.6768E+00 -8.2755E-01
  2.0744E+00  6.9622E+00 -7.8373E-03  1.9282E+00  1.3345E+00  8.7245E+00 -1.3279E+00
  2.0844E+00  6.9957E+00 -7.8162E-03  1.9148E+00  1.2293E+00  1.0159E+01 -1.2197E+00
  2.0931E+00  7.0247E+00 -7.8140E-03  1.9063E+00  7.7964E-01  9.7793E+00 -7.6555E-01
  2.0944E+00  7.0291E+00 -7.8142E-03  1.9053E+00  7.6226E-01  9.4295E+00 -7.4888E-01
  2.1044E+00  7.0626E+00 -7.8035E-03  1.8962E+00  1.1645E+00  8.4081E+00 -1.1576E+00
  2.1144E+00  7.0960E+00 -7.7827E-03  1.8832E+00  1.3305E+00  1.0729E+01 -1.3207E+00
  2.1245E+00  7.1294E+00 -7.7811E-03  1.8724E+00  8.3617E-01  1.1204E+01 -8.1920E-01
  2.1264E+00  7.1359E+00 -7.7827E-03  1.8708E+00  7.7749E-01  1.0763E+01 -7.6064E-01
  2.1345E+00  7.1629E+00 -7.7829E-03  1.8642E+00  9.8002E-01  9.3453E+00 -9.7001E-01
  2.1445E+00  7.1963E+00 -7.7659E-03  1.8523E+00  1.3326E+00  1.0034E+01 -1.3242E+00
  2.1545E+00  7.2298E+00 -7.7552E-03  1.8404E+00  9.8154E-01  1.1173E+01 -9.6742E-01
  2.1597E+00  7.2471E+00 -7.7574E-03  1.8360E+00  7.6180E-01  1.0479E+01 -7.4576E-01
  2.1645E+00  7.2632E+00 -7.7582E-03  1.8324E+00  8.0413E-01  9.3841E+00 -7.9198E-01
  2.1746E+00  7.2966E+00 -7.7450E-03  1.8222E+00  1.2340E+00  9.4886E+00 -1.2259E+00
  2.1846E+00  7.3301E+00 -7.7279E-03  1.8099E+00  1.1261E+00  1.0783E+01 -1.1148E+00
  2.1931E+00  7.3584E+00 -7.7281E-03  1.8022E+00  7.4491E-01  1.0402E+01 -7.2897E-01
  2.1946E+00  7.3635E+00 -7.7287E-03  1.8011E+00  7.2959E-01  1.0035E+01 -7.1445E-01
  2.2046E+00  7.3970E+00 -7.7214E-03  1.7925E+00  1.0901E+00  9.1859E+00 -1.0817E+00
  2.2147E+00  7.4304E+00 -7.7054E-03  1.7805E+00  1.2141E+00  1.1424E+01 -1.2025E+00
  2.2247E+00  7.4638E+00 -7.7075E-03  1.7706E+00  7.8058E-01  1.1778E+01 -7.6130E-01
  2.2264E+00  7.4696E+00 -7.7094E-03  1.7693E+00  7.3700E-01  1.1418E+01 -7.1781E-01
  2.2347E+00  7.4973E+00 -7.7124E-03  1.7629E+00  9.2459E-01  1.0142E+01 -9.1261E-01
  2.2447E+00  7.5307E+00 -7.7002E-03  1.7518E+00  1.2236E+00  1.0794E+01 -1.2134E+00
  2.2547E+00  7.5641E+00 -7.6942E-03  1.7409E+00  9.0615E-01  1.1796E+01 -8.8974E-01
  2.2597E+00  7.5808E+00 -7.6980E-03  1.7370E+00  7.2508E-01  1.1167E+01 -7.0665E-01
  2.2648E+00  7.5976E+00 -7.7006E-03  1.7334E+00  7.6928E-01  1.0151E+01 -7.5498E-01
  2.2748E+00  7.6310E+00 -7.6919E-03  1.7239E+00  1.1437E+00  1.0297E+01 -1.1339E+00
  2.2848E+00  7.6645E+00 -7.6798E-03  1.7126E+00  1.0354E+00  1.1467E+01 -1.0220E+00
  2.2931E+00  7.6920E+00 -7.6828E-03  1.7056E+00  7.1089E-01  1.1092E+01 -6.9255E-01
  2.2948E+00  7.6979E+00 -7.6840E-03  1.7044E+00  6.9782E-01  1.0713E+01 -6.8040E-01
  2.3048E+00  7.7313E+00 -7.6803E-03  1.6963E+00  1.0220E+00  1.0008E+01 -1.0117E+00
  2.3149E+00  7.7648E+00 -7.6677E-03  1.6852E+00  1.1130E+00  1.1981E+01 -1.0995E+00
  2.3249E+00  7.7982E+00 -7.6711E-03  1.6761E+00  7.3127E-01  1.2234E+01 -7.0977E-01
  2.3264E+00  7.8033E+00 -7.6727E-03  1.6750E+00  6.9932E-01  1.1945E+01 -6.7788E-01
  2.3349E+00  7.8316E+00 -7.6762E-03  1.6688E+00  8.7388E-01  1.0792E+01 -8.5998E-01
  2.3449E+00  7.8651E+00 -7.6652E-03  1.6585E+00  1.1290E+00  1.1407E+01 -1.1170E+00
  2.3550E+00  7.8985E+00 -7.6598E-03  1.6485E+00  8.4152E-01  1.2287E+01 -8.2293E-01
  2.3597E+00  7.9145E+00 -7.6630E-03  1.6450E+00  6.9221E-01  1.1719E+01 -6.7157E-01
  2.3650E+00  7.9319E+00 -7.6651E-03  1.6414E+00  7.3813E-01  1.0775E+01 -7.2183E-01
  2.3750E+00  7.9654E+00 -7.6559E-03  1.6325E+00  1.0666E+00  1.0950E+01 -1.0551E+00
  2.3850E+00  7.9988E+00 -7.6436E-03  1.6220E+00  9.6013E-01  1.2005E+01 -9.4473E-01
  2.3931E+00  8.0257E+00 -7.6453E-03  1.6156E+00  6.8353E-01  1.1641E+01 -6.6308E-01
  2.3950E+00  8.0323E+00 -7.6462E-03  1.6143E+00  6.7300E-01  1.1254E+01 -6.5360E-01
  2.4051E+00  8.0657E+00 -7.6408E-03  1.6065E+00  9.6659E-01  1.0672E+01 -9.5456E-01
  2.4151E+00  8.0991E+00 -7.6266E-03  1.5962E+00  1.0323E+00  1.2297E+01 -1.0174E+00
  2.4251E+00  8.1326E+00 -7.6266E-03  1.5877E+00  6.9569E-01  1.2466E+01 -6.7280E-01
  2.4264E+00  8.1369E+00 -7.6275E-03  1.5869E+00  6.7277E-01  1.2238E+01 -6.4995E-01
  2.4351E+00  8.1660E+00 -7.6280E-03  1.5808E+00  8.3645E-01  1.1200E+01 -8.2120E-01
  2.4451E+00  8.1994E+00 -7.6147E-03  1.5711E+00  1.0553E+00  1.1777E+01 -1.0421E+00
  2.4552E+00  8.2329E+00 -7.6073E-03  1.5617E+00  7.9426E-01  1.2547E+01 -7.7417E-01
  2.4597E+00  8.2481E+00 -7.6091E-03  1.5585E+00  6.7083E-01  1.2037E+01 -6.4885E-01
  2.4652E+00  8.2663E+00 -7.6099E-03  1.5549E+00  7.1800E-01  1.1164E+01 -7.0040E-01
  2.4752E+00  8.2997E+00 -7.5989E-03  1.5463E+00  1.0070E+00  1.1361E+01 -9.9410E-01
  2.4852E+00  8.3332E+00 -7.5858E-03  1.5365E+00  9.0237E-01  1.2311E+01 -8.8548E-01
  2.4931E+00  8.3593E+00 -7.5861E-03  1.5306E+00  6.6512E-01  1.1962E+01 -6.4336E-01
  2.4952E+00  8.3666E+00 -7.5867E-03  1.5293E+00  6.5698E-01  1.1575E+01 -6.3636E-01
  2.5053E+00  8.4000E+00 -7.5799E-03  1.5217E+00  9.2269E-01  1.1099E+01 -9.0931E-01
  2.5153E+00  8.4335E+00 -7.5647E-03  1.5120E+00  9.6756E-01  1.2375E+01 -9.5174E-01
  2.5253E+00  8.4669E+00 -7.5624E-03  1.5040E+00  6.6883E-01  1.2473E+01 -6.4538E-01
  2.5264E+00  8.4706E+00 -7.5629E-03  1.5033E+00  6.5271E-01  1.2300E+01 -6.2934E-01
  2.5353E+00  8.5003E+00 -7.5611E-03  1.4973E+00  8.0579E-01  1.1370E+01 -7.8973E-01
  2.5454E+00  8.5338E+00 -7.5463E-03  1.4881E+00  9.9318E-01  1.1906E+01 -9.7898E-01
  2.5554E+00  8.5672E+00 -7.5374E-03  1.4793E+00  7.5473E-01  1.2573E+01 -7.3379E-01
  2.5597E+00  8.5818E+00 -7.5380E-03  1.4763E+00  6.5232E-01  1.2119E+01 -6.2973E-01
  2.5654E+00  8.6006E+00 -7.5375E-03  1.4727E+00  7.0001E-01  1.1319E+01 -6.8172E-01
  2.5754E+00  8.6341E+00 -7.5249E-03  1.4645E+00  9.5436E-01  1.1534E+01 -9.4052E-01
  2.5854E+00  8.6675E+00 -7.5108E-03  1.4553E+00  8.5178E-01  1.2388E+01 -8.3388E-01
  2.5931E+00  8.6930E+00 -7.5096E-03  1.4498E+00  6.4747E-01  1.2056E+01 -6.2502E-01
  2.5955E+00  8.7009E+00 -7.5097E-03  1.4483E+00  6.4160E-01  1.1674E+01 -6.2037E-01
  2.6055E+00  8.7344E+00 -7.5012E-03  1.4410E+00  8.8220E-01  1.1293E+01 -8.6787E-01
  2.6155E+00  8.7678E+00 -7.4848E-03  1.4318E+00  9.1055E-01  1.2268E+01 -8.9419E-01
  2.6255E+00  8.8012E+00 -7.4802E-03  1.4243E+00  6.4469E-01  1.2307E+01 -6.2123E-01
  2.6264E+00  8.8042E+00 -7.4803E-03  1.4237E+00  6.3376E-01  1.2181E+01 -6.1038E-01
  2.6355E+00  8.8347E+00 -7.4761E-03  1.4177E+00  7.7703E-01  1.1354E+01 -7.6057E-01
  2.6456E+00  8.8681E+00 -7.4596E-03  1.4090E+00  9.3750E-01  1.1848E+01 -9.2271E-01
  2.6556E+00  8.9015E+00 -7.4490E-03  1.4007E+00  7.1924E-01  1.2420E+01 -6.9795E-01
  2.6597E+00  8.9154E+00 -7.4485E-03  1.3980E+00  6.3426E-01  1.2020E+01 -6.1155E-01
  2.6656E+00  8.9350E+00 -7.4464E-03  1.3944E+00  6.8211E-01  1.1291E+01 -6.6355E-01
  2.6756E+00  8.9684E+00 -7.4319E-03  1.3865E+00  9.0622E-01  1.1524E+01 -8.9175E-01
  2.6856E+00  9.0018E+00 -7.4166E-03  1.3777E+00  8.0612E-01  1.2295E+01 -7.8757E-01
  2.6931E+00  9.0266E+00 -7.4139E-03  1.3727E+00  6.2982E-01  1.1983E+01 -6.0711E-01
  2.6957E+00  9.0353E+00 -7.4134E-03  1.3711E+00  6.2612E-01  1.1612E+01 -6.0468E-01
  2.7057E+00  9.0687E+00 -7.4028E-03  1.3640E+00  8.4417E-01  1.1312E+01 -8.2919E-01
  2.7157E+00  9.1021E+00 -7.3850E-03  1.3553E+00  8.5982E-01  1.2069E+01 -8.4310E-01
  2.7257E+00  9.1356E+00 -7.3785E-03  1.3481E+00  6.2292E-01  1.2059E+01 -5.9965E-01
  2.7264E+00  9.1378E+00 -7.3784E-03  1.3477E+00  6.1594E-01  1.1973E+01 -5.9274E-01
  2.7358E+00  9.1690E+00 -7.3720E-03  1.3418E+00  7.5010E-01  1.1243E+01 -7.3340E-01
  2.7458E+00  9.2024E+00 -7.3540E-03  1.3335E+00  8.8749E-01  1.1696E+01 -8.7228E-01
  2.7558E+00  9.2359E+00 -7.3418E-03  1.3256E+00  6.8753E-01  1.2181E+01 -6.6608E-01
  2.7597E+00  9.2490E+00 -7.3404E-03  1.3232E+00  6.1708E-01  1.1832E+01 -5.9446E-01
  2.7658E+00  9.2693E+00 -7.3368E-03  1.3195E+00  6.6480E-01  1.1173E+01 -6.4613E-01
  2.7758E+00  9.3027E+00 -7.3207E-03  1.3119E+00  8.6235E-01  1.1423E+01 -8.4738E-01
  2.7859E+00  9.3362E+00 -7.3045E-03  1.3036E+00  7.6509E-01  1.2120E+01 -7.4604E-01
  2.7931E+00  9.3602E+00 -7.3006E-03  1.2989E+00  6.1280E-01  1.1829E+01 -5.8999E-01
  2.7959E+00  9.3696E+00 -7.2994E-03  1.2973E+00  6.1115E-01  1.1474E+01 -5.8963E-01
  2.8059E+00  9.4030E+00 -7.2873E-03  1.2904E+00  8.0883E-01  1.1244E+01 -7.9332E-01
  2.8159E+00  9.4365E+00 -7.2686E-03  1.2822E+00  8.1473E-01  1.1856E+01 -7.9761E-01
  2.8259E+00  9.4699E+00 -7.2605E-03  1.2753E+00  6.0353E-01  1.1807E+01 -5.8039E-01
  2.8264E+00  9.4714E+00 -7.2603E-03  1.2751E+00  5.9952E-01  1.1753E+01 -5.7643E-01
  2.8360E+00  9.5033E+00 -7.2520E-03  1.2691E+00  7.2513E-01  1.1112E+01 -7.0816E-01
  2.8460E+00  9.5368E+00 -7.2330E-03  1.2612E+00  8.4263E-01  1.1524E+01 -8.2697E-01
  2.8560E+00  9.5702E+00 -7.2197E-03  1.2537E+00  6.5937E-01  1.1934E+01 -6.3775E-01
  2.8597E+00  9.5826E+00 -7.2176E-03  1.2515E+00  6.0112E-01  1.1631E+01 -5.7851E-01
  2.8660E+00  9.6036E+00 -7.2128E-03  1.2478E+00  6.4839E-01  1.1038E+01 -6.2956E-01
  2.8760E+00  9.6371E+00 -7.1955E-03  1.2405E+00  8.2245E-01  1.1299E+01 -8.0697E-01
  2.8861E+00  9.6705E+00 -7.1787E-03  1.2326E+00  7.2833E-01  1.1931E+01 -7.0875E-01
  2.8931E+00  9.6939E+00 -7.1739E-03  1.2282E+00  5.9674E-01  1.1663E+01 -5.7374E-01
  2.8961E+00  9.7039E+00 -7.1722E-03  1.2265E+00  5.9699E-01  1.1326E+01 -5.7531E-01
  2.9061E+00  9.7374E+00 -7.1589E-03  1.2199E+00  7.7611E-01  1.1153E+01 -7.6003E-01
  2.9161E+00  9.7708E+00 -7.1398E-03  1.2120E+00  7.7443E-01  1.1674E+01 -7.5677E-01
  2.9262E+00  9.8042E+00 -7.1306E-03  1.2055E+00  5.8620E-01  1.1593E+01 -5.6295E-01
  2.9264E+00  9.8051E+00 -7.1304E-03  1.2053E+00  5.8438E-01  1.1567E+01 -5.6116E-01
  2.9362E+00  9.8376E+00 -7.1208E-03  1.1995E+00  7.0187E-01  1.1006E+01 -6.8444E-01
  2.9462E+00  9.8711E+00 -7.1014E-03  1.1919E+00  8.0212E-01  1.1379E+01 -7.8585E-01
  2.9562E+00  9.9045E+00 -7.0875E-03  1.1848E+00  6.3419E-01  1.1721E+01 -6.1218E-01
  2.9597E+00  9.9163E+00 -7.0852E-03  1.1827E+00  5.8615E-01  1.1460E+01 -5.6331E-01
  2.9662E+00  9.9379E+00 -7.0795E-03  1.1790E+00  6.3267E-01  1.0930E+01 -6.1346E-01
  2.9763E+00  9.9714E+00 -7.0618E-03  1.1719E+00  7.8582E-01  1.1193E+01 -7.6966E-01
  2.9863E+00  1.0005E+01 -7.0451E-03  1.1645E+00  6.9502E-01  1.1762E+01 -6.7475E-01
  2.9931E+00  1.0027E+01 -7.0401E-03  1.1604E+00  5.8131E-01  1.1516E+01 -5.5790E-01
  2.9963E+00  1.0038E+01 -7.0380E-03  1.1586E+00  5.8326E-01  1.1199E+01 -5.6118E-01
  3.0063E+00  1.0072E+01 -7.0245E-03  1.1522E+00  7.4530E-01  1.1074E+01 -7.2850E-01
  3.0163E+00  1.0105E+01 -7.0060E-03  1.1447E+00  7.3754E-01  1.1532E+01 -7.1910E-01
  3.0264E+00  1.0139E+01 -6.9972E-03  1.1384E+00  5.6978E-01  1.1427E+01 -5.4608E-01
  3.0364E+00  1.0172E+01 -6.9878E-03  1.1326E+00  6.7911E-01  1.0934E+01 -6.6098E-01
  3.0464E+00  1.0205E+01 -6.9697E-03  1.1253E+00  7.6420E-01  1.1266E+01 -7.4712E-01
  3.0564E+00  1.0239E+01 -6.9576E-03  1.1185E+00  6.1021E-01  1.1551E+01 -5.8751E-01
  3.0597E+00  1.0250E+01 -6.9558E-03  1.1167E+00  5.7069E-01  1.1328E+01 -5.4728E-01
  3.0664E+00  1.0272E+01 -6.9510E-03  1.1129E+00  6.1600E-01  1.0856E+01 -5.9611E-01
  3.0765E+00  1.0306E+01 -6.9358E-03  1.1061E+00  7.5029E-01  1.1109E+01 -7.3324E-01
  3.0865E+00  1.0339E+01 -6.9223E-03  1.0991E+00  6.6284E-01  1.1613E+01 -6.4163E-01
  3.0931E+00  1.0361E+01 -6.9193E-03  1.0952E+00  5.6452E-01  1.1389E+01 -5.4037E-01
  3.0965E+00  1.0373E+01 -6.9181E-03  1.0934E+00  5.6790E-01  1.1095E+01 -5.4512E-01
  3.1065E+00  1.0406E+01 -6.9078E-03  1.0872E+00  7.1408E-01  1.1007E+01 -6.9633E-01
  3.1166E+00  1.0439E+01 -6.8933E-03  1.0801E+00  7.0138E-01  1.1413E+01 -6.8190E-01
  3.1264E+00  1.0472E+01 -6.8878E-03  1.0742E+00  5.5303E-01  1.1305E+01 -5.2852E-01
  3.1266E+00  1.0473E+01 -6.8878E-03  1.0741E+00  5.5221E-01  1.1291E+01 -5.2771E-01
  3.1366E+00  1.0506E+01 -6.8814E-03  1.0684E+00  6.5483E-01  1.0880E+01 -6.3573E-01
  3.1466E+00  1.0540E+01 -6.8668E-03  1.0615E+00  7.2689E-01  1.1172E+01 -7.0875E-01
  3.1566E+00  1.0573E+01 -6.8576E-03  1.0550E+00  5.8603E-01  1.1404E+01 -5.6234E-01
  3.1597E+00  1.0583E+01 -6.8566E-03  1.0534E+00  5.5375E-01  1.1216E+01 -5.2943E-01
  3.1667E+00  1.0607E+01 -6.8530E-03  1.0496E+00  5.9785E-01  1.0798E+01 -5.7699E-01
  3.1767E+00  1.0640E+01 -6.8399E-03  1.0431E+00  7.1573E-01  1.1031E+01 -6.9759E-01
  3.1867E+00  1.0673E+01 -6.8280E-03  1.0364E+00  6.3225E-01  1.1466E+01 -6.0991E-01
  3.1931E+00  1.0695E+01 -6.8255E-03  1.0328E+00  5.4756E-01  1.1265E+01 -5.2247E-01
  3.1967E+00  1.0707E+01 -6.8243E-03  1.0309E+00  5.5233E-01  1.0993E+01 -5.2863E-01
  3.2067E+00  1.0740E+01 -6.8144E-03  1.0250E+00  6.8439E-01  1.0935E+01 -6.6554E-01
  3.2168E+00  1.0774E+01 -6.8005E-03  1.0182E+00  6.6812E-01  1.1294E+01 -6.4746E-01
  3.2264E+00  1.0806E+01 -6.7950E-03  1.0127E+00  5.3750E-01  1.1188E+01 -5.1200E-01
  3.2268E+00  1.0807E+01 -6.7949E-03  1.0125E+00  5.3599E-01  1.1161E+01 -5.1052E-01
  3.2368E+00  1.0841E+01 -6.7880E-03  1.0070E+00  6.3222E-01  1.0820E+01 -6.1200E-01
  3.2468E+00  1.0874E+01 -6.7735E-03  1.0004E+00  6.9538E-01  1.1085E+01 -6.7610E-01
  3.2568E+00  1.0907E+01 -6.7643E-03  9.9421E-01  5.5318E-01  1.1363E+01 -5.2738E-01
  3.2669E+00  1.0941E+01 -6.7658E-03  9.8971E-01  4.2934E-01  1.1029E+01 -3.9737E-01
  3.2769E+00  1.0974E+01 -6.7701E-03  9.8585E-01  4.1351E-01  1.0944E+01 -3.8048E-01
  3.2969E+00  1.1041E+01 -6.7789E-03  9.7821E-01  4.1535E-01  1.0948E+01 -3.8191E-01
