  0.0000E+00 -6.3282E-09  2.0047E-07  0.0000E+00  5.4419E-06  0.0000E+00  0.0000E+00
  1.5981E-02  7.0000E-02  1.5470E+00  1.1662E-03  1.0536E-01  1.4861E-05  1.0459E-01
  2.0054E-02  8.3984E-02  1.7342E+00  3.6381E-03  5.1312E+01  3.7628E-02  5.0259E+01
  3.0063E-02  1.1823E-01  1.7828E+00  2.2036E-02  1.0106E+02  1.2398E-01  1.0091E+02
  4.0084E-02  1.5250E-01  1.9722E+00  4.6592E-02  1.2127E+02  4.1159E-01  1.2095E+02
  5.0106E-02  1.8650E-01  2.7847E+00  6.2449E-02  1.3357E+02  6.6328E-01  1.3315E+02
  6.0126E-02  2.2023E-01  3.8553E+00  6.9250E-02  1.4070E+02  8.1966E-01  1.4020E+02
  7.0147E-02  2.5386E-01  4.5553E+00  7.2798E-02  1.4407E+02  9.2825E-01  1.4351E+02
  8.0168E-02  2.8745E-01  4.7122E+00  7.5604E-02  1.4732E+02  1.0160E+00  1.4671E+02
  9.0189E-02  3.2104E-01  4.6959E+00  7.8425E-02  1.5136E+02  1.1000E+00  1.5071E+02
  1.0021E-01  3.5464E-01  4.6882E+00  8.1348E-02  1.5485E+02  1.1826E+00  1.5417E+02
  1.1023E-01  3.8823E-01  4.6879E+00  8.4340E-02  1.5787E+02  1.2657E+00  1.5716E+02
  1.2025E-01  4.2182E-01  4.6881E+00  8.7387E-02  1.6071E+02  1.3506E+00  1.5996E+02
  1.3027E-01  4.5541E-01  4.6883E+00  9.0482E-02  1.6322E+02  1.4305E+00  1.6245E+02
  1.4029E-01  4.8901E-01  4.6884E+00  9.3615E-02  1.6555E+02  1.5067E+00  1.6477E+02
  1.5031E-01  5.2257E-01  4.6885E+00  9.6780E-02  1.6774E+02  1.5785E+00  1.6695E+02
  1.6034E-01  5.5619E-01  4.6886E+00  9.9981E-02  1.6983E+02  1.6457E+00  1.6903E+02
  1.7036E-01  5.8978E-01  4.6887E+00  1.0321E-01  1.7183E+02  1.7094E+00  1.7103E+02
  1.8038E-01  6.2337E-01  4.6887E+00  1.0647E-01  1.7377E+02  1.7706E+00  1.7297E+02
  1.9040E-01  6.5696E-01  4.6888E+00  1.0976E-01  1.7563E+02  1.8300E+00  1.7484E+02
  2.0042E-01  6.9055E-01  4.6888E+00  1.1308E-01  1.7742E+02  1.8879E+00  1.7663E+02
  2.1044E-01  7.2414E-01  4.6889E+00  1.1644E-01  1.7912E+02  1.9445E+00  1.7834E+02
  2.2046E-01  7.5773E-01  4.6889E+00  1.1982E-01  1.8078E+02  2.0011E+00  1.8000E+02
  2.3048E-01  7.9132E-01  4.6890E+00  1.2323E-01  1.8237E+02  2.0573E+00  1.8160E+02
  2.4051E-01  8.2491E-01  4.6890E+00  1.2668E-01  1.8390E+02  2.1133E+00  1.8314E+02
  2.5053E-01  8.5850E-01  4.6891E+00  1.3015E-01  1.8535E+02  2.1686E+00  1.8460E+02
  2.6055E-01  8.9209E-01  4.6891E+00  1.3365E-01  1.8677E+02  2.2244E+00  1.8603E+02
  2.7057E-01  9.2568E-01  4.6891E+00  1.3718E-01  1.8814E+02  2.2801E+00  1.8740E+02
  2.8059E-01  9.5927E-01  4.6892E+00  1.4073E-01  1.8944E+02  2.3351E+00  1.8872E+02
  2.9061E-01  9.9286E-01  4.6892E+00  1.4430E-01  1.9071E+02  2.3905E+00  1.8999E+02
  3.0063E-01  1.0265E+00  4.6893E+00  1.4790E-01  1.9194E+02  2.4460E+00  1.9123E+02
  3.1065E-01  1.0600E+00  4.6893E+00  1.5153E-01  1.9312E+02  2.5014E+00  1.9241E+02
  3.2067E-01  1.0936E+00  4.6893E+00  1.5517E-01  1.9426E+02  2.5571E+00  1.9356E+02
  3.3069E-01  1.1272E+00  4.6894E+00  1.5884E-01  1.9536E+02  2.6129E+00  1.9466E+02
  3.4072E-01  1.1608E+00  4.6894E+00  1.6253E-01  1.9642E+02  2.6685E+00  1.9573E+02
  3.5074E-01  1.1944E+00  4.6895E+00  1.6623E-01  1.9744E+02  2.7242E+00  1.9676E+02
  3.6076E-01  1.2280E+00  4.6895E+00  1.6996E-01  1.9843E+02  2.7798E+00  1.9776E+02
  3.7078E-01  1.2616E+00  4.6895E+00  1.7371E-01  1.9939E+02  2.8352E+00  1.9872E+02
  3.8080E-01  1.2952E+00  4.6896E+00  1.7747E-01  2.0031E+02  2.8907E+00  1.9965E+02
  3.9082E-01  1.3288E+00  4.6896E+00  1.8125E-01  2.0121E+02  2.9463E+00  2.0055E+02
  4.0084E-01  1.3624E+00  4.6896E+00  1.8505E-01  2.0207E+02  3.0019E+00  2.0141E+02
  4.1086E-01  1.3959E+00  4.6897E+00  1.8886E-01  2.0290E+02  3.0578E+00  2.0226E+02
  4.2088E-01  1.4295E+00  4.6897E+00  1.9269E-01  2.0371E+02  3.1136E+00  2.0307E+02
  4.3091E-01  1.4631E+00  4.6897E+00  1.9653E-01  2.0449E+02  3.1695E+00  2.0385E+02
  4.4093E-01  1.4967E+00  4.6898E+00  2.0039E-01  2.0525E+02  3.2256E+00  2.0462E+02
  4.5095E-01  1.5303E+00  4.6898E+00  2.0427E-01  2.0598E+02  3.2815E+00  2.0535E+02
  4.6097E-01  1.5639E+00  4.6898E+00  2.0815E-01  2.0669E+02  3.3375E+00  2.0607E+02
  4.7099E-01  1.5975E+00  4.6898E+00  2.1205E-01  2.0738E+02  3.3938E+00  2.0676E+02
  4.8101E-01  1.6311E+00  4.6899E+00  2.1597E-01  2.0805E+02  3.4502E+00  2.0743E+02
  4.9103E-01  1.6647E+00  4.6899E+00  2.1990E-01  2.0869E+02  3.5068E+00  2.0808E+02
  5.0105E-01  1.6983E+00  4.6899E+00  2.2383E-01  2.0932E+02  3.5634E+00  2.0872E+02
  5.1107E-01  1.7318E+00  4.6900E+00  2.2778E-01  2.0993E+02  3.6203E+00  2.0933E+02
  5.2110E-01  1.7654E+00  4.6900E+00  2.3175E-01  2.1052E+02  3.6774E+00  2.0992E+02
  5.3112E-01  1.7990E+00  4.6900E+00  2.3572E-01  2.1109E+02  3.7345E+00  2.1050E+02
  5.4114E-01  1.8326E+00  4.6900E+00  2.3970E-01  2.1165E+02  3.7919E+00  2.1106E+02
  5.5116E-01  1.8662E+00  4.6901E+00  2.4370E-01  2.1220E+02  3.8496E+00  2.1161E+02
  5.6118E-01  1.8998E+00  4.6901E+00  2.4771E-01  2.1272E+02  3.9075E+00  2.1214E+02
  5.7120E-01  1.9334E+00  4.6901E+00  2.5172E-01  2.1324E+02  3.9657E+00  2.1265E+02
  5.8122E-01  1.9670E+00  4.6901E+00  2.5575E-01  2.1373E+02  4.0241E+00  2.1315E+02
  5.9124E-01  2.0006E+00  4.6901E+00  2.5978E-01  2.1422E+02  4.0828E+00  2.1364E+02
  6.0126E-01  2.0342E+00  4.6902E+00  2.6382E-01  2.1469E+02  4.1416E+00  2.1412E+02
  6.1128E-01  2.0677E+00  4.6902E+00  2.6788E-01  2.1515E+02  4.2008E+00  2.1458E+02
  6.2131E-01  2.1013E+00  4.6902E+00  2.7194E-01  2.1560E+02  4.2602E+00  2.1503E+02
  6.3133E-01  2.1349E+00  4.6902E+00  2.7601E-01  2.1604E+02  4.3199E+00  2.1547E+02
  6.4135E-01  2.1685E+00  4.6902E+00  2.8009E-01  2.1646E+02  4.3797E+00  2.1590E+02
  6.5137E-01  2.2021E+00  4.6903E+00  2.8417E-01  2.1688E+02  4.4397E+00  2.1631E+02
  6.6139E-01  2.2357E+00  4.6903E+00  2.8827E-01  2.1728E+02  4.4999E+00  2.1672E+02
  6.7141E-01  2.2693E+00  4.6903E+00  2.9237E-01  2.1767E+02  4.5604E+00  2.1711E+02
  6.8143E-01  2.3029E+00  4.6903E+00  2.9648E-01  2.1806E+02  4.6210E+00  2.1750E+02
  6.9145E-01  2.3365E+00  4.6903E+00  3.0060E-01  2.1843E+02  4.6818E+00  2.1788E+02
  7.0147E-01  2.3701E+00  4.6903E+00  3.0472E-01  2.1880E+02  4.7429E+00  2.1824E+02
  7.1150E-01  2.4036E+00  4.6904E+00  3.0885E-01  2.1915E+02  4.8041E+00  2.1860E+02
  7.2152E-01  2.4372E+00  4.6904E+00  3.1299E-01  2.1950E+02  4.8655E+00  2.1895E+02
  7.3154E-01  2.4708E+00  4.6904E+00  3.1713E-01  2.1984E+02  4.9271E+00  2.1929E+02
  7.4156E-01  2.5044E+00  4.6904E+00  3.2128E-01  2.2017E+02  4.9889E+00  2.1963E+02
  7.5158E-01  2.5380E+00  4.6904E+00  3.2544E-01  2.2050E+02  5.0509E+00  2.1995E+02
  7.6160E-01  2.5716E+00  4.6904E+00  3.2960E-01  2.2082E+02  5.1132E+00  2.2027E+02
  7.7162E-01  2.6052E+00  4.6905E+00  3.3377E-01  2.2113E+02  5.1757E+00  2.2058E+02
  7.8164E-01  2.6388E+00  4.6905E+00  3.3795E-01  2.2143E+02  5.2383E+00  2.2089E+02
  7.9166E-01  2.6724E+00  4.6905E+00  3.4213E-01  2.2172E+02  5.3011E+00  2.2118E+02
  8.0169E-01  2.7060E+00  4.6905E+00  3.4631E-01  2.2201E+02  5.3640E+00  2.2147E+02
  8.1171E-01  2.7395E+00  4.6905E+00  3.5051E-01  2.2230E+02  5.4271E+00  2.2176E+02
  8.2173E-01  2.7731E+00  4.6905E+00  3.5470E-01  2.2257E+02  5.4904E+00  2.2203E+02
  8.3175E-01  2.8067E+00  4.6905E+00  3.5891E-01  2.2284E+02  5.5539E+00  2.2231E+02
  8.4177E-01  2.8403E+00  4.6906E+00  3.6312E-01  2.2311E+02  5.6176E+00  2.2257E+02
  8.5179E-01  2.8739E+00  4.6906E+00  3.6733E-01  2.2337E+02  5.6814E+00  2.2283E+02
  8.6181E-01  2.9075E+00  4.6906E+00  3.7155E-01  2.2362E+02  5.7455E+00  2.2309E+02
  8.7183E-01  2.9411E+00  4.6906E+00  3.7577E-01  2.2387E+02  5.8096E+00  2.2334E+02
  8.8182E-01  2.9746E+00  4.6906E+00  3.7998E-01  2.2411E+02  5.8738E+00  2.2358E+02
  8.9187E-01  3.0083E+00  4.6906E+00  3.8423E-01  2.2435E+02  5.9386E+00  2.2382E+02
  8.9405E-01  3.0156E+00  4.6906E+00  3.8515E-01  2.2440E+02  5.9527E+00  2.2387E+02
  9.0190E-01  3.0419E+00  4.6906E+00  3.8847E-01  2.2459E+02  6.0033E+00  2.2405E+02
  9.1192E-01  3.0754E+00  4.6906E+00  3.9271E-01  2.2482E+02  6.0683E+00  2.2428E+02
  9.2194E-01  3.1090E+00  4.6907E+00  3.9695E-01  2.2504E+02  6.1334E+00  2.2451E+02
  9.3196E-01  3.1426E+00  4.6907E+00  4.0120E-01  2.2526E+02  6.1986E+00  2.2473E+02
  9.4198E-01  3.1762E+00  4.6907E+00  4.0546E-01  2.2547E+02  6.2640E+00  2.2495E+02
  9.5200E-01  3.2098E+00  4.6907E+00  4.0972E-01  2.2569E+02  6.3296E+00  2.2516E+02
  9.6202E-01  3.2434E+00  4.6907E+00  4.1398E-01  2.2589E+02  6.3952E+00  2.2536E+02
  9.7204E-01  3.2770E+00  4.6907E+00  4.1824E-01  2.2610E+02  6.4611E+00  2.2557E+02
  9.8030E-01  3.3047E+00  4.6907E+00  4.2176E-01  2.2626E+02  6.5154E+00  2.2573E+02
  9.8206E-01  3.3106E+00  4.6907E+00  4.2251E-01  2.2630E+02  6.5270E+00  2.2577E+02
  9.9208E-01  3.3442E+00  4.6907E+00  4.2679E-01  2.2649E+02  6.5931E+00  2.2596E+02
  1.0021E+00  3.3778E+00  4.6907E+00  4.3107E-01  2.2668E+02  6.6594E+00  2.2616E+02
  1.0121E+00  3.4114E+00  4.6908E+00  4.3535E-01  2.2687E+02  6.7259E+00  2.2635E+02
  1.0221E+00  3.4449E+00  4.6908E+00  4.3963E-01  2.2706E+02  6.7926E+00  2.2653E+02
  1.0322E+00  3.4785E+00  4.6908E+00  4.4392E-01  2.2724E+02  6.8592E+00  2.2671E+02
  1.0422E+00  3.5121E+00  4.6908E+00  4.4821E-01  2.2742E+02  6.9261E+00  2.2689E+02
  1.0522E+00  3.5457E+00  4.6908E+00  4.5251E-01  2.2759E+02  6.9931E+00  2.2707E+02
  1.0622E+00  3.5793E+00  4.6908E+00  4.5681E-01  2.2777E+02  7.0603E+00  2.2724E+02
  1.0723E+00  3.6129E+00  4.6908E+00  4.6111E-01  2.2794E+02  7.1276E+00  2.2741E+02
  1.0823E+00  3.6465E+00  4.6908E+00  4.6541E-01  2.2810E+02  7.1950E+00  2.2758E+02
  1.0923E+00  3.6801E+00  4.6908E+00  4.6972E-01  2.2826E+02  7.2625E+00  2.2774E+02
  1.1023E+00  3.7137E+00  4.6908E+00  4.7403E-01  2.2843E+02  7.3302E+00  2.2790E+02
  1.1123E+00  3.7473E+00  4.6908E+00  4.7835E-01  2.2858E+02  7.3981E+00  2.2806E+02
  1.1224E+00  3.7808E+00  4.6909E+00  4.8267E-01  2.2874E+02  7.4660E+00  2.2821E+02
  1.1324E+00  3.8144E+00  4.6909E+00  4.8699E-01  2.2889E+02  7.5341E+00  2.2837E+02
  1.1424E+00  3.8480E+00  4.6909E+00  4.9131E-01  2.2904E+02  7.6022E+00  2.2852E+02
  1.1524E+00  3.8816E+00  4.6909E+00  4.9564E-01  2.2919E+02  7.6705E+00  2.2866E+02
  1.1624E+00  3.9152E+00  4.6909E+00  4.9997E-01  2.2933E+02  7.7390E+00  2.2881E+02
  1.1725E+00  3.9488E+00  4.6909E+00  5.0430E-01  2.2948E+02  7.8076E+00  2.2895E+02
  1.1825E+00  3.9824E+00  4.6909E+00  5.0863E-01  2.2961E+02  7.8762E+00  2.2909E+02
  1.1925E+00  4.0160E+00  4.6909E+00  5.1297E-01  2.2975E+02  7.9450E+00  2.2923E+02
  1.2025E+00  4.0496E+00  4.6903E+00  5.1731E-01  2.2981E+02  8.0125E+00  2.2929E+02
  1.2125E+00  4.0832E+00  4.6866E+00  5.2165E-01  2.2959E+02  8.0730E+00  2.2907E+02
  1.2226E+00  4.1167E+00  4.6781E+00  5.2600E-01  2.2897E+02  8.1253E+00  2.2845E+02
  1.2326E+00  4.1503E+00  4.7072E+00  5.3035E-01  2.3039E+02  8.1901E+00  2.2987E+02
  1.2426E+00  4.1839E+00  4.8535E+00  5.3454E-01  2.3229E+02  8.2074E+00  2.3178E+02
  1.2526E+00  4.2175E+00  5.0423E+00  5.3832E-01  2.2972E+02  8.1879E+00  2.2921E+02
  1.2597E+00  4.2413E+00  5.1267E+00  5.4077E-01  2.2602E+02  8.2000E+00  2.2551E+02
  1.2627E+00  4.2511E+00  5.1504E+00  5.4174E-01  2.2562E+02  8.2687E+00  2.2510E+02
  1.2727E+00  4.2846E+00  5.2711E+00  5.4495E-01  2.2685E+02  8.2921E+00  2.2634E+02
  1.2827E+00  4.3182E+00  5.4618E+00  5.4792E-01  2.2591E+02  8.2535E+00  2.2541E+02
  1.2927E+00  4.3517E+00  5.6000E+00  5.5059E-01  2.2083E+02  8.2254E+00  2.2033E+02
  1.2931E+00  4.3529E+00  5.6031E+00  5.5068E-01  2.2070E+02  8.2275E+00  2.2019E+02
  1.3027E+00  4.3853E+00  5.6980E+00  5.5310E-01  2.2104E+02  8.3112E+00  2.2053E+02
  1.3128E+00  4.4188E+00  5.8772E+00  5.5545E-01  2.2166E+02  8.2742E+00  2.2116E+02
  1.3228E+00  4.4523E+00  6.0451E+00  5.5759E-01  2.1724E+02  8.2111E+00  2.1674E+02
  1.3264E+00  4.4645E+00  6.0816E+00  5.5831E-01  2.1549E+02  8.2219E+00  2.1499E+02
  1.3328E+00  4.4859E+00  6.1382E+00  5.5956E-01  2.1531E+02  8.3000E+00  2.1480E+02
  1.3428E+00  4.5194E+00  6.2939E+00  5.6144E-01  2.1683E+02  8.2526E+00  2.1633E+02
  1.3528E+00  4.5529E+00  6.4826E+00  5.6318E-01  2.1397E+02  8.1638E+00  2.1348E+02
  1.3597E+00  4.5760E+00  6.5637E+00  5.6428E-01  2.1031E+02  8.1529E+00  2.0981E+02
  1.3629E+00  4.5864E+00  6.5895E+00  5.6476E-01  2.0991E+02  8.2173E+00  2.0940E+02
  1.3729E+00  4.6199E+00  6.7142E+00  5.6627E-01  2.1131E+02  8.2044E+00  2.1082E+02
  1.3829E+00  4.6535E+00  6.9064E+00  5.6769E-01  2.1021E+02  8.1322E+00  2.0972E+02
  1.3929E+00  4.6870E+00  7.0424E+00  5.6899E-01  2.0501E+02  8.0799E+00  2.0452E+02
  1.3931E+00  4.6874E+00  7.0436E+00  5.6901E-01  2.0496E+02  8.0805E+00  2.0447E+02
  1.4029E+00  4.7205E+00  7.1431E+00  5.7021E-01  2.0547E+02  8.1444E+00  2.0497E+02
  1.4130E+00  4.7540E+00  7.3251E+00  5.7138E-01  2.0603E+02  8.0823E+00  2.0554E+02
  1.4230E+00  4.7875E+00  7.4913E+00  5.7245E-01  2.0143E+02  7.9985E+00  2.0094E+02
  1.4264E+00  4.7989E+00  7.5254E+00  5.7280E-01  1.9980E+02  8.0053E+00  1.9931E+02
  1.4330E+00  4.8209E+00  7.5850E+00  5.7345E-01  1.9973E+02  8.0761E+00  1.9923E+02
  1.4430E+00  4.8544E+00  7.7442E+00  5.7442E-01  2.0125E+02  8.0008E+00  2.0076E+02
  1.4531E+00  4.8879E+00  7.9323E+00  5.7532E-01  1.9819E+02  7.8860E+00  1.9772E+02
  1.4597E+00  4.9103E+00  8.0102E+00  5.7588E-01  1.9463E+02  7.8698E+00  1.9415E+02
  1.4631E+00  4.9214E+00  8.0380E+00  5.7615E-01  1.9425E+02  7.9338E+00  1.9376E+02
  1.4731E+00  4.9549E+00  8.1661E+00  5.7695E-01  1.9578E+02  7.9067E+00  1.9530E+02
  1.4831E+00  4.9884E+00  8.3591E+00  5.7770E-01  1.9453E+02  7.8218E+00  1.9406E+02
  1.4931E+00  5.0216E+00  8.4924E+00  5.7840E-01  1.8934E+02  7.7640E+00  1.8887E+02
  1.5032E+00  5.0554E+00  8.5959E+00  5.7907E-01  1.8999E+02  7.8200E+00  1.8951E+02
  1.5132E+00  5.0888E+00  8.7802E+00  5.7971E-01  1.9049E+02  7.7489E+00  1.9002E+02
  1.5232E+00  5.1223E+00  8.9446E+00  5.8030E-01  1.8577E+02  7.6595E+00  1.8530E+02
  1.5264E+00  5.1330E+00  8.9763E+00  5.8049E-01  1.8428E+02  7.6656E+00  1.8380E+02
  1.5332E+00  5.1558E+00  9.0388E+00  5.8086E-01  1.8430E+02  7.7333E+00  1.8382E+02
  1.5432E+00  5.1893E+00  9.2010E+00  5.8140E-01  1.8580E+02  7.6447E+00  1.8533E+02
  1.5533E+00  5.2227E+00  9.3883E+00  5.8191E-01  1.8257E+02  7.5181E+00  1.8211E+02
  1.5597E+00  5.2443E+00  9.4629E+00  5.8222E-01  1.7914E+02  7.5017E+00  1.7868E+02
  1.5633E+00  5.2562E+00  9.4928E+00  5.8239E-01  1.7878E+02  7.5661E+00  1.7831E+02
  1.5733E+00  5.2897E+00  9.6238E+00  5.8285E-01  1.8040E+02  7.5319E+00  1.7994E+02
  1.5833E+00  5.3231E+00  9.8174E+00  5.8328E-01  1.7904E+02  7.4419E+00  1.7858E+02
  1.5931E+00  5.3557E+00  9.9468E+00  5.8368E-01  1.7394E+02  7.3840E+00  1.7348E+02
  1.5933E+00  5.3566E+00  9.9487E+00  5.8369E-01  1.7413E+02  7.4305E+00  1.7366E+02
  1.6034E+00  5.3901E+00  1.0054E+01  5.8408E-01  1.7470E+02  7.4348E+00  1.7423E+02
  1.6134E+00  5.4235E+00  1.0241E+01  5.8446E-01  1.7513E+02  7.3607E+00  1.7468E+02
  1.6234E+00  5.4570E+00  1.0403E+01  5.8481E-01  1.7033E+02  7.2702E+00  1.6988E+02
  1.6264E+00  5.4670E+00  1.0432E+01  5.8491E-01  1.6897E+02  7.2762E+00  1.6851E+02
  1.6334E+00  5.4905E+00  1.0498E+01  5.8514E-01  1.6909E+02  7.3419E+00  1.6862E+02
  1.6435E+00  5.5239E+00  1.0663E+01  5.8547E-01  1.7054E+02  7.2500E+00  1.7009E+02
  1.6535E+00  5.5574E+00  1.0849E+01  5.8577E-01  1.6717E+02  7.1210E+00  1.6673E+02
  1.6597E+00  5.5783E+00  1.0920E+01  5.8595E-01  1.6388E+02  7.1057E+00  1.6343E+02
  1.6635E+00  5.5908E+00  1.0952E+01  5.8606E-01  1.6354E+02  7.1704E+00  1.6308E+02
  1.6735E+00  5.6243E+00  1.1086E+01  5.8634E-01  1.6523E+02  7.1315E+00  1.6478E+02
  1.6835E+00  5.6578E+00  1.1280E+01  5.8660E-01  1.6376E+02  7.0386E+00  1.6332E+02
  1.6931E+00  5.6896E+00  1.1405E+01  5.8684E-01  1.5876E+02  6.9825E+00  1.5832E+02
  1.6936E+00  5.6912E+00  1.1409E+01  5.8685E-01  1.5889E+02  7.0298E+00  1.5844E+02
  1.7036E+00  5.7247E+00  1.1517E+01  5.8709E-01  1.5962E+02  7.0297E+00  1.5917E+02
  1.7136E+00  5.7581E+00  1.1705E+01  5.8733E-01  1.5999E+02  6.9542E+00  1.5955E+02
  1.7236E+00  5.7916E+00  1.1865E+01  5.8755E-01  1.5512E+02  6.8647E+00  1.5468E+02
  1.7264E+00  5.8009E+00  1.1892E+01  5.8760E-01  1.5389E+02  6.8706E+00  1.5344E+02
  1.7336E+00  5.8251E+00  1.1960E+01  5.8775E-01  1.5410E+02  6.9347E+00  1.5364E+02
  1.7437E+00  5.8585E+00  1.2128E+01  5.8795E-01  1.5550E+02  6.8474E+00  1.5507E+02
  1.7537E+00  5.8920E+00  1.2313E+01  5.8815E-01  1.5200E+02  6.7245E+00  1.5157E+02
  1.7597E+00  5.9122E+00  1.2381E+01  5.8826E-01  1.4885E+02  6.7109E+00  1.4841E+02
  1.7637E+00  5.9254E+00  1.2415E+01  5.8833E-01  1.4854E+02  6.7758E+00  1.4809E+02
  1.7737E+00  5.9589E+00  1.2552E+01  5.8850E-01  1.5029E+02  6.7340E+00  1.4985E+02
  1.7837E+00  5.9923E+00  1.2746E+01  5.8867E-01  1.4870E+02  6.6404E+00  1.4827E+02
  1.7931E+00  6.0234E+00  1.2867E+01  5.8882E-01  1.4382E+02  6.5873E+00  1.4338E+02
  1.7938E+00  6.0258E+00  1.2873E+01  5.8883E-01  1.4388E+02  6.6353E+00  1.4344E+02
  1.8038E+00  6.0592E+00  1.2983E+01  5.8899E-01  1.4477E+02  6.6314E+00  1.4433E+02
  1.8138E+00  6.0927E+00  1.3172E+01  5.8913E-01  1.4505E+02  6.5538E+00  1.4463E+02
  1.8238E+00  6.1261E+00  1.3330E+01  5.8927E-01  1.4013E+02  6.4671E+00  1.3970E+02
  1.8264E+00  6.1347E+00  1.3355E+01  5.8931E-01  1.3902E+02  6.4731E+00  1.3859E+02
  1.8339E+00  6.1596E+00  1.3426E+01  5.8941E-01  1.3932E+02  6.5353E+00  1.3887E+02
  1.8439E+00  6.1930E+00  1.3596E+01  5.8954E-01  1.4068E+02  6.4567E+00  1.4025E+02
  1.8539E+00  6.2265E+00  1.3780E+01  5.8966E-01  1.3705E+02  6.3442E+00  1.3663E+02
  1.8597E+00  6.2460E+00  1.3845E+01  5.8973E-01  1.3404E+02  6.3325E+00  1.3361E+02
  1.8639E+00  6.2599E+00  1.3881E+01  5.8978E-01  1.3376E+02  6.3972E+00  1.3332E+02
  1.8739E+00  6.2934E+00  1.4020E+01  5.8990E-01  1.3555E+02  6.3532E+00  1.3512E+02
  1.8840E+00  6.3268E+00  1.4214E+01  5.9001E-01  1.3385E+02  6.2600E+00  1.3343E+02
  1.8931E+00  6.3572E+00  1.4332E+01  5.9010E-01  1.2909E+02  6.2101E+00  1.2866E+02
  1.8940E+00  6.3603E+00  1.4339E+01  5.9011E-01  1.2910E+02  6.2586E+00  1.2867E+02
  1.9040E+00  6.3937E+00  1.4451E+01  5.9021E-01  1.3012E+02  6.2518E+00  1.2969E+02
  1.9140E+00  6.4271E+00  1.4642E+01  5.9031E-01  1.3032E+02  6.1695E+00  1.2990E+02
  1.9240E+00  6.4606E+00  1.4798E+01  5.9040E-01  1.2536E+02  6.0863E+00  1.2493E+02
  1.9264E+00  6.4685E+00  1.4821E+01  5.9042E-01  1.2436E+02  6.0920E+00  1.2394E+02
  1.9341E+00  6.4940E+00  1.4895E+01  5.9049E-01  1.2474E+02  6.1521E+00  1.2430E+02
  1.9441E+00  6.5275E+00  1.5066E+01  5.9057E-01  1.2605E+02  6.0818E+00  1.2563E+02
  1.9541E+00  6.5609E+00  1.5249E+01  5.9066E-01  1.2232E+02  5.9800E+00  1.2190E+02
  1.9597E+00  6.5797E+00  1.5311E+01  5.9070E-01  1.1945E+02  5.9702E+00  1.1902E+02
  1.9641E+00  6.5944E+00  1.5349E+01  5.9073E-01  1.1921E+02  6.0342E+00  1.1877E+02
  1.9741E+00  6.6278E+00  1.5491E+01  5.9081E-01  1.2102E+02  5.9886E+00  1.2060E+02
  1.9842E+00  6.6613E+00  1.5685E+01  5.9088E-01  1.1922E+02  5.8972E+00  1.1880E+02
  1.9931E+00  6.6910E+00  1.5799E+01  5.9095E-01  1.1457E+02  5.8513E+00  1.1414E+02
  1.9942E+00  6.6947E+00  1.5808E+01  5.9095E-01  1.1454E+02  5.9001E+00  1.1411E+02
  2.0042E+00  6.7281E+00  1.5922E+01  5.9102E-01  1.1568E+02  5.8908E+00  1.1525E+02
  2.0142E+00  6.7616E+00  1.6113E+01  5.9109E-01  1.1576E+02  5.8004E+00  1.1535E+02
  2.0243E+00  6.7950E+00  1.6268E+01  5.9115E-01  1.1077E+02  5.7223E+00  1.1034E+02
  2.0264E+00  6.8022E+00  1.6288E+01  5.9116E-01  1.0989E+02  5.7277E+00  1.0946E+02
  2.0343E+00  6.8285E+00  1.6365E+01  5.9121E-01  1.1034E+02  5.7856E+00  1.0991E+02
  2.0443E+00  6.8619E+00  1.6539E+01  5.9127E-01  1.1161E+02  5.7219E+00  1.1119E+02
  2.0543E+00  6.8954E+00  1.6720E+01  5.9132E-01  1.0778E+02  5.6294E+00  1.0736E+02
  2.0597E+00  6.9134E+00  1.6780E+01  5.9135E-01  1.0505E+02  5.6215E+00  1.0462E+02
  2.0643E+00  6.9288E+00  1.6820E+01  5.9138E-01  1.0484E+02  5.6845E+00  1.0440E+02
  2.0744E+00  6.9622E+00  1.6963E+01  5.9143E-01  1.0668E+02  5.6384E+00  1.0625E+02
  2.0844E+00  6.9957E+00  1.7157E+01  5.9148E-01  1.0477E+02  5.5499E+00  1.0434E+02
  2.0931E+00  7.0247E+00  1.7268E+01  5.9152E-01  1.0024E+02  5.5084E+00  9.9808E+01
  2.0944E+00  7.0291E+00  1.7279E+01  5.9153E-01  1.0017E+02  5.5572E+00  9.9730E+01
  2.1044E+00  7.0626E+00  1.7394E+01  5.9157E-01  1.0143E+02  5.5458E+00  1.0099E+02
  2.1144E+00  7.0960E+00  1.7587E+01  5.9162E-01  1.0136E+02  5.4431E+00  1.0095E+02
  2.1245E+00  7.1294E+00  1.7739E+01  5.9166E-01  9.6342E+01  5.3706E+00  9.5913E+01
  2.1264E+00  7.1359E+00  1.7758E+01  5.9167E-01  9.5574E+01  5.3756E+00  9.5141E+01
  2.1345E+00  7.1629E+00  1.7837E+01  5.9170E-01  9.6105E+01  5.4309E+00  9.5666E+01
  2.1445E+00  7.1963E+00  1.8013E+01  5.9174E-01  9.7322E+01  5.3703E+00  9.6898E+01
  2.1545E+00  7.2298E+00  1.8193E+01  5.9178E-01  9.3409E+01  5.2836E+00  9.2981E+01
  2.1597E+00  7.2471E+00  1.8249E+01  5.9180E-01  9.0821E+01  5.2775E+00  9.0383E+01
  2.1645E+00  7.2632E+00  1.8292E+01  5.9182E-01  9.0652E+01  5.3388E+00  9.0202E+01
  2.1746E+00  7.2966E+00  1.8438E+01  5.9185E-01  9.2495E+01  5.2929E+00  9.2061E+01
  2.1846E+00  7.3301E+00  1.8631E+01  5.9189E-01  9.0478E+01  5.2084E+00  9.0049E+01
  2.1931E+00  7.3584E+00  1.8738E+01  5.9191E-01  8.6078E+01  5.1716E+00  8.5634E+01
  2.1946E+00  7.3635E+00  1.8751E+01  5.9192E-01  8.5974E+01  5.2200E+00  8.5520E+01
  2.2046E+00  7.3970E+00  1.8868E+01  5.9195E-01  8.7332E+01  5.2071E+00  8.6888E+01
  2.2147E+00  7.4304E+00  1.9062E+01  5.9198E-01  8.7105E+01  5.0920E+00  8.6679E+01
  2.2247E+00  7.4638E+00  1.9212E+01  5.9201E-01  8.2064E+01  5.0264E+00  8.1623E+01
  2.2264E+00  7.4696E+00  1.9229E+01  5.9201E-01  8.1400E+01  5.0307E+00  8.0955E+01
  2.2347E+00  7.4973E+00  1.9311E+01  5.9204E-01  8.2009E+01  5.0831E+00  8.1558E+01
  2.2447E+00  7.5307E+00  1.9489E+01  5.9206E-01  8.3174E+01  5.0255E+00  8.2740E+01
  2.2547E+00  7.5641E+00  1.9667E+01  5.9209E-01  7.9179E+01  4.9453E+00  7.8738E+01
  2.2597E+00  7.5808E+00  1.9721E+01  5.9210E-01  7.6732E+01  4.9408E+00  7.6276E+01
  2.2648E+00  7.5976E+00  1.9765E+01  5.9212E-01  7.6604E+01  4.9995E+00  7.6137E+01
  2.2748E+00  7.6310E+00  1.9914E+01  5.9214E-01  7.8448E+01  4.9554E+00  7.8001E+01
  2.2848E+00  7.6645E+00  2.0107E+01  5.9216E-01  7.6326E+01  4.8774E+00  7.5880E+01
  2.2931E+00  7.6920E+00  2.0210E+01  5.9218E-01  7.2053E+01  4.8455E+00  7.1587E+01
  2.2948E+00  7.6979E+00  2.0225E+01  5.9219E-01  7.1920E+01  4.8928E+00  7.1444E+01
  2.3048E+00  7.7313E+00  2.0344E+01  5.9221E-01  7.3372E+01  4.8789E+00  7.2908E+01
  2.3149E+00  7.7648E+00  2.0539E+01  5.9223E-01  7.2966E+01  4.7566E+00  7.2523E+01
  2.3249E+00  7.7982E+00  2.0687E+01  5.9225E-01  6.7916E+01  4.6989E+00  6.7451E+01
  2.3264E+00  7.8033E+00  2.0701E+01  5.9225E-01  6.7352E+01  4.7025E+00  6.6882E+01
  2.3349E+00  7.8316E+00  2.0787E+01  5.9227E-01  6.8036E+01  4.7512E+00  6.7562E+01
  2.3449E+00  7.8651E+00  2.0966E+01  5.9228E-01  6.9146E+01  4.6983E+00  6.8690E+01
  2.3550E+00  7.8985E+00  2.1143E+01  5.9230E-01  6.5075E+01  4.6260E+00  6.4604E+01
  2.3597E+00  7.9145E+00  2.1194E+01  5.9231E-01  6.2766E+01  4.6228E+00  6.2279E+01
  2.3650E+00  7.9319E+00  2.1240E+01  5.9232E-01  6.2684E+01  4.6780E+00  6.2184E+01
  2.3750E+00  7.9654E+00  2.1391E+01  5.9233E-01  6.4522E+01  4.6368E+00  6.4046E+01
  2.3850E+00  7.9988E+00  2.1584E+01  5.9235E-01  6.2296E+01  4.5662E+00  6.1817E+01
  2.3931E+00  8.0257E+00  2.1683E+01  5.9236E-01  5.8155E+01  4.5392E+00  5.7648E+01
  2.3950E+00  8.0323E+00  2.1700E+01  5.9236E-01  5.7999E+01  4.5844E+00  5.7480E+01
  2.4051E+00  8.0657E+00  2.1821E+01  5.9237E-01  5.9534E+01  4.5701E+00  5.9032E+01
  2.4151E+00  8.0991E+00  2.2016E+01  5.9239E-01  5.8946E+01  4.4481E+00  5.8466E+01
  2.4251E+00  8.1326E+00  2.2163E+01  5.9240E-01  5.3898E+01  4.3988E+00  5.3384E+01
  2.4264E+00  8.1369E+00  2.2175E+01  5.9240E-01  5.3429E+01  4.4017E+00  5.2910E+01
  2.4351E+00  8.1660E+00  2.2263E+01  5.9241E-01  5.4188E+01  4.4462E+00  5.3666E+01
  2.4451E+00  8.1994E+00  2.2444E+01  5.9242E-01  5.5238E+01  4.3995E+00  5.4737E+01
  2.4552E+00  8.2329E+00  2.2619E+01  5.9243E-01  5.1098E+01  4.3370E+00  5.0571E+01
  2.4597E+00  8.2481E+00  2.2668E+01  5.9244E-01  4.8929E+01  4.3349E+00  4.8379E+01
  2.4652E+00  8.2663E+00  2.2717E+01  5.9244E-01  4.8895E+01  4.3855E+00  4.8332E+01
  2.4752E+00  8.2997E+00  2.2869E+01  5.9245E-01  5.0719E+01  4.3492E+00  5.0185E+01
  2.4852E+00  8.3332E+00  2.3061E+01  5.9246E-01  4.8394E+01  4.2888E+00  4.7849E+01
  2.4931E+00  8.3593E+00  2.3158E+01  5.9247E-01  4.4392E+01  4.2671E+00  4.3804E+01
  2.4952E+00  8.3666E+00  2.3176E+01  5.9247E-01  4.4220E+01  4.3091E+00  4.3617E+01
  2.5053E+00  8.4000E+00  2.3299E+01  5.9248E-01  4.5826E+01  4.2956E+00  4.5249E+01
  2.5153E+00  8.4335E+00  2.3495E+01  5.9249E-01  4.5062E+01  4.1869E+00  4.4505E+01
  2.5253E+00  8.4669E+00  2.3639E+01  5.9250E-01  4.0036E+01  4.1473E+00  3.9419E+01
  2.5264E+00  8.4706E+00  2.3650E+01  5.9250E-01  3.9658E+01  4.1493E+00  3.9034E+01
  2.5353E+00  8.5003E+00  2.3741E+01  5.9250E-01  4.0489E+01  4.1893E+00  3.9867E+01
  2.5454E+00  8.5338E+00  2.3924E+01  5.9251E-01  4.1473E+01  4.1507E+00  4.0877E+01
  2.5554E+00  8.5672E+00  2.4097E+01  5.9252E-01  3.7281E+01  4.0999E+00  3.6633E+01
  2.5597E+00  8.5818E+00  2.4143E+01  5.9252E-01  3.5259E+01  4.0984E+00  3.4574E+01
  2.5654E+00  8.6006E+00  2.4194E+01  5.9252E-01  3.5276E+01  4.1434E+00  3.4576E+01
  2.5754E+00  8.6341E+00  2.4349E+01  5.9253E-01  3.7071E+01  4.1130E+00  3.6415E+01
  2.5854E+00  8.6675E+00  2.4540E+01  5.9253E-01  3.4659E+01  4.0639E+00  3.3974E+01
  2.5931E+00  8.6930E+00  2.4633E+01  5.9254E-01  3.0819E+01  4.0474E+00  3.0053E+01
  2.5955E+00  8.7009E+00  2.4653E+01  5.9254E-01  3.0639E+01  4.0851E+00  2.9853E+01
  2.6055E+00  8.7344E+00  2.4779E+01  5.9254E-01  3.2296E+01  4.0733E+00  3.1556E+01
  2.6155E+00  8.7678E+00  2.4975E+01  5.9255E-01  3.1379E+01  3.9900E+00  3.0648E+01
  2.6255E+00  8.8012E+00  2.5117E+01  5.9255E-01  2.6425E+01  3.9599E+00  2.5566E+01
  2.6264E+00  8.8042E+00  2.5125E+01  5.9255E-01  2.6135E+01  3.9612E+00  2.5266E+01
  2.6355E+00  8.8347E+00  2.5220E+01  5.9256E-01  2.7028E+01  3.9960E+00  2.6173E+01
  2.6456E+00  8.8681E+00  2.5404E+01  5.9256E-01  2.7935E+01  3.9659E+00  2.7121E+01
  2.6556E+00  8.9015E+00  2.5576E+01  5.9256E-01  2.3747E+01  3.9275E+00  2.2803E+01
  2.6597E+00  8.9154E+00  2.5619E+01  5.9256E-01  2.1900E+01  3.9264E+00  2.0874E+01
  2.6656E+00  8.9350E+00  2.5673E+01  5.9257E-01  2.1972E+01  3.9647E+00  2.0928E+01
  2.6756E+00  8.9684E+00  2.5829E+01  5.9257E-01  2.3701E+01  3.9421E+00  2.2748E+01
  2.6856E+00  9.0018E+00  2.6020E+01  5.9257E-01  2.1249E+01  3.9070E+00  2.0200E+01
  2.6931E+00  9.0266E+00  2.6110E+01  5.9257E-01  1.7673E+01  3.8954E+00  1.6405E+01
  2.6957E+00  9.0353E+00  2.6132E+01  5.9257E-01  1.7501E+01  3.9278E+00  1.6197E+01
  2.7057E+00  9.0687E+00  2.6259E+01  5.9258E-01  1.9143E+01  3.9192E+00  1.7965E+01
  2.7157E+00  9.1021E+00  2.6456E+01  5.9258E-01  1.8125E+01  3.8672E+00  1.6909E+01
  2.7257E+00  9.1356E+00  2.6596E+01  5.9258E-01  1.3500E+01  3.8472E+00  1.1836E+01
  2.7264E+00  9.1378E+00  2.6602E+01  5.9258E-01  1.3308E+01  3.8479E+00  1.1616E+01
  2.7358E+00  9.1690E+00  2.6700E+01  5.9258E-01  1.4195E+01  3.8773E+00  1.2598E+01
  2.7458E+00  9.2024E+00  2.6885E+01  5.9258E-01  1.4970E+01  3.8577E+00  1.3481E+01
  2.7558E+00  9.2359E+00  2.7056E+01  5.9258E-01  1.1158E+01  3.8337E+00  9.0913E+00
  2.7597E+00  9.2490E+00  2.7096E+01  5.9258E-01  9.7456E+00  3.8327E+00  7.2900E+00
  2.7658E+00  9.2693E+00  2.7152E+01  5.9258E-01  9.8612E+00  3.8635E+00  7.3983E+00
  2.7758E+00  9.3027E+00  2.7311E+01  5.9259E-01  1.1256E+01  3.8512E+00  9.1909E+00
  2.7859E+00  9.3362E+00  2.7501E+01  5.9259E-01  9.1949E+00  3.8326E+00  6.5359E+00
  2.7931E+00  9.3602E+00  2.7587E+01  5.9259E-01  7.0635E+00  3.8255E+00  2.8669E+00
  2.7959E+00  9.3696E+00  2.7611E+01  5.9259E-01  7.0211E+00  3.8516E+00  2.6553E+00
  2.8059E+00  9.4030E+00  2.7741E+01  5.9259E-01  7.8877E+00  3.8470E+00  4.4800E+00
  2.8159E+00  9.4365E+00  2.7938E+01  5.9259E-01  7.2438E+00  3.8223E+00  3.2966E+00
  2.8259E+00  9.4699E+00  2.8076E+01  5.9259E-01  6.6685E+00  3.8116E+00 -1.7595E+00
  2.8264E+00  9.4714E+00  2.8080E+01  5.9259E-01  6.7087E+00  3.8117E+00 -1.9056E+00
  2.8360E+00  9.5033E+00  2.8181E+01  5.9259E-01  6.5282E+00  3.8356E+00 -8.4987E-01
  2.8460E+00  9.5368E+00  2.8368E+01  5.9259E-01  6.4572E+00  3.8264E+00 -3.4069E-02
  2.8560E+00  9.5702E+00  2.8536E+01  5.9258E-01  7.8508E+00  3.8162E+00 -4.4903E+00
  2.8597E+00  9.5826E+00  2.8574E+01  5.9258E-01  8.9142E+00  3.8149E+00 -6.1658E+00
  2.8660E+00  9.6036E+00  2.8633E+01  5.9258E-01  8.8297E+00  3.8381E+00 -6.0011E+00
  2.8760E+00  9.6371E+00  2.8793E+01  5.9258E-01  7.7409E+00  3.8367E+00 -4.2429E+00
  2.8861E+00  9.6705E+00  2.8983E+01  5.9258E-01  9.5384E+00  3.8348E+00 -7.0072E+00
  2.8931E+00  9.6939E+00  2.9065E+01  5.9258E-01  1.2373E+01  3.8316E+00 -1.0549E+01
  2.8961E+00  9.7039E+00  2.9091E+01  5.9258E-01  1.2569E+01  3.8507E+00 -1.0759E+01
  2.9061E+00  9.7374E+00  2.9223E+01  5.9258E-01  1.1008E+01  3.8510E+00 -8.8845E+00
  2.9161E+00  9.7708E+00  2.9420E+01  5.9258E-01  1.2074E+01  3.8473E+00 -1.0180E+01
  2.9262E+00  9.8042E+00  2.9556E+01  5.9258E-01  1.6539E+01  3.8452E+00 -1.5213E+01
  2.9264E+00  9.8051E+00  2.9558E+01  5.9258E-01  1.6610E+01  3.8451E+00 -1.5290E+01
  2.9362E+00  9.8376E+00  2.9663E+01  5.9258E-01  1.5589E+01  3.8637E+00 -1.4161E+01
  2.9462E+00  9.8711E+00  2.9851E+01  5.9257E-01  1.4917E+01  3.8657E+00 -1.3414E+01
  2.9562E+00  9.9045E+00  3.0017E+01  5.9257E-01  1.9086E+01  3.8698E+00 -1.7934E+01
  2.9597E+00  9.9163E+00  3.0053E+01  5.9257E-01  2.0551E+01  3.8683E+00 -1.9486E+01
  2.9662E+00  9.9379E+00  3.0114E+01  5.9257E-01  2.0348E+01  3.8836E+00 -1.9263E+01
  2.9763E+00  9.9714E+00  3.0277E+01  5.9257E-01  1.8737E+01  3.8935E+00 -1.7547E+01
  2.9863E+00  1.0005E+01  3.0465E+01  5.9257E-01  2.1463E+01  3.9088E+00 -2.0424E+01
  2.9931E+00  1.0027E+01  3.0544E+01  5.9257E-01  2.4734E+01  3.9088E+00 -2.3838E+01
  2.9963E+00  1.0038E+01  3.0572E+01  5.9256E-01  2.4935E+01  3.9204E+00 -2.4042E+01
  3.0063E+00  1.0072E+01  3.0706E+01  5.9256E-01  2.3095E+01  3.9265E+00 -2.2124E+01
  3.0163E+00  1.0105E+01  3.0903E+01  5.9256E-01  2.4443E+01  3.9390E+00 -2.3522E+01
  3.0264E+00  1.0139E+01  3.1037E+01  5.9256E-01  2.9291E+01  3.9446E+00 -2.8524E+01
  3.0364E+00  1.0172E+01  3.1146E+01  5.9256E-01  2.8407E+01  3.9469E+00 -2.7615E+01
  3.0464E+00  1.0205E+01  3.1335E+01  5.9255E-01  2.7757E+01  3.9606E+00 -2.6940E+01
  3.0564E+00  1.0239E+01  3.1500E+01  5.9255E-01  3.2227E+01  3.9787E+00 -3.1519E+01
  3.0597E+00  1.0250E+01  3.1533E+01  5.9255E-01  3.3627E+01  3.9766E+00 -3.2950E+01
  3.0664E+00  1.0272E+01  3.1597E+01  5.9255E-01  3.3352E+01  3.9835E+00 -3.2667E+01
  3.0765E+00  1.0306E+01  3.1761E+01  5.9255E-01  3.1727E+01  4.0032E+00 -3.1000E+01
  3.0865E+00  1.0339E+01  3.1949E+01  5.9254E-01  3.4664E+01  4.0332E+00 -3.3989E+01
  3.0931E+00  1.0361E+01  3.2025E+01  5.9254E-01  3.7893E+01  4.0359E+00 -3.7275E+01
  3.0965E+00  1.0373E+01  3.2055E+01  5.9254E-01  3.8083E+01  4.0392E+00 -3.7467E+01
  3.1065E+00  1.0406E+01  3.2191E+01  5.9254E-01  3.6165E+01  4.0515E+00 -3.5513E+01
  3.1166E+00  1.0439E+01  3.2388E+01  5.9253E-01  3.7641E+01  4.0768E+00 -3.7007E+01
  3.1264E+00  1.0472E+01  3.2518E+01  5.9253E-01  4.2484E+01  4.0894E+00 -4.1919E+01
  3.1266E+00  1.0473E+01  3.2519E+01  5.9253E-01  4.2254E+01  4.0947E+00 -4.1685E+01
  3.1366E+00  1.0506E+01  3.2630E+01  5.9253E-01  4.1235E+01  4.0980E+00 -4.0651E+01
  3.1466E+00  1.0540E+01  3.2820E+01  5.9253E-01  4.0648E+01  4.1210E+00 -4.0049E+01
  3.1566E+00  1.0573E+01  3.2983E+01  5.9252E-01  4.5229E+01  4.1505E+00 -4.4683E+01
  3.1597E+00  1.0583E+01  3.3014E+01  5.9252E-01  4.6526E+01  4.1477E+00 -4.5996E+01
  3.1667E+00  1.0607E+01  3.3080E+01  5.9252E-01  4.6185E+01  4.1475E+00 -4.5651E+01
  3.1767E+00  1.0640E+01  3.3246E+01  5.9252E-01  4.4597E+01  4.1751E+00 -4.4037E+01
  3.1867E+00  1.0673E+01  3.3432E+01  5.9251E-01  4.7673E+01  4.2169E+00 -4.7139E+01
  3.1931E+00  1.0695E+01  3.3506E+01  5.9251E-01  5.0800E+01  4.2212E+00 -5.0298E+01
  3.1967E+00  1.0707E+01  3.3537E+01  5.9251E-01  5.0973E+01  4.2173E+00 -5.0474E+01
  3.2067E+00  1.0740E+01  3.3675E+01  5.9251E-01  4.9013E+01  4.2358E+00 -4.8489E+01
  3.2168E+00  1.0774E+01  3.3873E+01  5.9250E-01  5.0597E+01  4.2727E+00 -5.0081E+01
  3.2264E+00  1.0806E+01  3.3999E+01  5.9250E-01  5.5363E+01  4.2905E+00 -5.4887E+01
  3.2268E+00  1.0807E+01  3.4002E+01  5.9250E-01  5.5184E+01  4.2904E+00 -5.4707E+01
  3.2368E+00  1.0841E+01  3.4114E+01  5.9250E-01  5.4043E+01  4.2954E+00 -5.3555E+01
  3.2468E+00  1.0874E+01  3.4306E+01  5.9249E-01  5.3390E+01  4.3246E+00 -5.2888E+01
  3.2568E+00  1.0907E+01  3.4471E+01  5.9249E-01  5.7553E+01  4.3585E+00 -5.7081E+01
  3.2669E+00  1.0941E+01  3.4519E+01  5.9249E-01  6.0985E+01  4.3416E+00 -6.0543E+01
  3.2769E+00  1.0974E+01  3.4520E+01  5.9248E-01  6.1135E+01  4.3398E+00 -6.0694E+01
  3.2969E+00  1.1041E+01  3.4519E+01  5.9248E-01  6.0937E+01  4.3413E+00 -6.0495E+01
