  0.0000E+00  0.0000E+00  0.0000E+00  0.0000E+00  0.0000E+00  0.0000E+00  0.0000E+00
  1.5981E-02 -2.9244E-07  2.0720E-04  2.5706E-07  1.4861E-05 -1.3703E-06  1.4846E-05
  2.0054E-02 -1.2174E-03  9.2424E-02  1.3320E-03  3.7560E-02  2.5935E-03  3.6989E-02
  3.0063E-02 -5.5186E-03  1.9731E-01  5.5845E-03  9.8412E-02  4.1410E-04  9.8178E-02
  4.0084E-02 -1.0064E-02  2.4056E-01  9.9198E-03  2.8256E-01 -6.4336E-04  2.8167E-01
  5.0106E-02 -1.2768E-02  2.6679E-01  1.2465E-02  4.2220E-01 -1.2604E-03  4.1810E-01
  6.0126E-02 -1.4097E-02  2.8251E-01  1.3640E-02  5.2422E-01 -1.9310E-03  5.1473E-01
  7.0147E-02 -1.4690E-02  2.9072E-01  1.4091E-02  6.1534E-01 -2.6239E-03  5.9887E-01
  8.0168E-02 -1.4545E-02  2.9847E-01  1.3830E-02  7.1702E-01 -3.3198E-03  6.9269E-01
  9.0189E-02 -1.4083E-02  3.0753E-01  1.3291E-02  8.2527E-01 -3.9472E-03  7.9327E-01
  1.0021E-01 -1.3547E-02  3.1525E-01  1.2717E-02  9.3137E-01 -4.4663E-03  8.9256E-01
  1.1023E-01 -1.3002E-02  3.2191E-01  1.2155E-02  1.0357E+00 -4.9210E-03  9.9050E-01
  1.2025E-01 -1.2516E-02  3.2818E-01  1.1661E-02  1.1381E+00 -5.3508E-03  1.0862E+00
  1.3027E-01 -1.2116E-02  3.3365E-01  1.1267E-02  1.2305E+00 -5.6877E-03  1.1728E+00
  1.4029E-01 -1.1853E-02  3.3871E-01  1.1011E-02  1.3134E+00 -5.9746E-03  1.2500E+00
  1.5031E-01 -1.1744E-02  3.4348E-01  1.0904E-02  1.3859E+00 -6.2280E-03  1.3165E+00
  1.6034E-01 -1.1772E-02  3.4803E-01  1.0926E-02  1.4485E+00 -6.4603E-03  1.3726E+00
  1.7036E-01 -1.1922E-02  3.5243E-01  1.1063E-02  1.5026E+00 -6.6772E-03  1.4197E+00
  1.8038E-01 -1.2160E-02  3.5670E-01  1.1282E-02  1.5500E+00 -6.8828E-03  1.4596E+00
  1.9040E-01 -1.2456E-02  3.6082E-01  1.1555E-02  1.5924E+00 -7.0725E-03  1.4940E+00
  2.0042E-01 -1.2784E-02  3.6475E-01  1.1860E-02  1.6307E+00 -7.2428E-03  1.5241E+00
  2.1044E-01 -1.3121E-02  3.6847E-01  1.2175E-02  1.6659E+00 -7.3912E-03  1.5511E+00
  2.2046E-01 -1.3462E-02  3.7206E-01  1.2493E-02  1.6995E+00 -7.5300E-03  1.5763E+00
  2.3048E-01 -1.3798E-02  3.7551E-01  1.2808E-02  1.7316E+00 -7.6566E-03  1.5998E+00
  2.4051E-01 -1.4124E-02  3.7881E-01  1.3114E-02  1.7624E+00 -7.7711E-03  1.6220E+00
  2.5053E-01 -1.4437E-02  3.8191E-01  1.3409E-02  1.7917E+00 -7.8665E-03  1.6428E+00
  2.6055E-01 -1.4741E-02  3.8493E-01  1.3696E-02  1.8206E+00 -7.9571E-03  1.6631E+00
  2.7057E-01 -1.5031E-02  3.8783E-01  1.3971E-02  1.8487E+00 -8.0379E-03  1.6824E+00
  2.8059E-01 -1.5306E-02  3.9057E-01  1.4231E-02  1.8756E+00 -8.1078E-03  1.7007E+00
  2.9061E-01 -1.5571E-02  3.9324E-01  1.4482E-02  1.9021E+00 -8.1740E-03  1.7184E+00
  3.0063E-01 -1.5827E-02  3.9579E-01  1.4726E-02  1.9280E+00 -8.2322E-03  1.7354E+00
  3.1065E-01 -1.6075E-02  3.9823E-01  1.4963E-02  1.9531E+00 -8.2810E-03  1.7518E+00
  3.2067E-01 -1.6316E-02  4.0059E-01  1.5194E-02  1.9776E+00 -8.3245E-03  1.7676E+00
  3.3069E-01 -1.6548E-02  4.0285E-01  1.5416E-02  2.0017E+00 -8.3627E-03  1.7829E+00
  3.4072E-01 -1.6768E-02  4.0502E-01  1.5628E-02  2.0249E+00 -8.3949E-03  1.7975E+00
  3.5074E-01 -1.6982E-02  4.0710E-01  1.5834E-02  2.0478E+00 -8.4220E-03  1.8116E+00
  3.6076E-01 -1.7187E-02  4.0911E-01  1.6033E-02  2.0698E+00 -8.4422E-03  1.8251E+00
  3.7078E-01 -1.7384E-02  4.1102E-01  1.6224E-02  2.0912E+00 -8.4560E-03  1.8380E+00
  3.8080E-01 -1.7574E-02  4.1287E-01  1.6409E-02  2.1121E+00 -8.4652E-03  1.8506E+00
  3.9082E-01 -1.7758E-02  4.1465E-01  1.6589E-02  2.1325E+00 -8.4714E-03  1.8627E+00
  4.0084E-01 -1.7937E-02  4.1634E-01  1.6764E-02  2.1523E+00 -8.4709E-03  1.8744E+00
  4.1086E-01 -1.8112E-02  4.1798E-01  1.6936E-02  2.1716E+00 -8.4670E-03  1.8858E+00
  4.2088E-01 -1.8281E-02  4.1956E-01  1.7103E-02  2.1903E+00 -8.4594E-03  1.8967E+00
  4.3091E-01 -1.8446E-02  4.2107E-01  1.7266E-02  2.2085E+00 -8.4462E-03  1.9072E+00
  4.4093E-01 -1.8605E-02  4.2253E-01  1.7425E-02  2.2263E+00 -8.4307E-03  1.9175E+00
  4.5095E-01 -1.8760E-02  4.2393E-01  1.7579E-02  2.2435E+00 -8.4107E-03  1.9274E+00
  4.6097E-01 -1.8910E-02  4.2527E-01  1.7729E-02  2.2602E+00 -8.3872E-03  1.9369E+00
  4.7099E-01 -1.9056E-02  4.2658E-01  1.7876E-02  2.2765E+00 -8.3623E-03  1.9462E+00
  4.8101E-01 -1.9200E-02  4.2783E-01  1.8021E-02  2.2924E+00 -8.3344E-03  1.9552E+00
  4.9103E-01 -1.9340E-02  4.2904E-01  1.8163E-02  2.3078E+00 -8.3039E-03  1.9639E+00
  5.0105E-01 -1.9477E-02  4.3021E-01  1.8301E-02  2.3228E+00 -8.2719E-03  1.9724E+00
  5.1107E-01 -1.9610E-02  4.3133E-01  1.8436E-02  2.3375E+00 -8.2379E-03  1.9806E+00
  5.2110E-01 -1.9740E-02  4.3242E-01  1.8569E-02  2.3519E+00 -8.2026E-03  1.9887E+00
  5.3112E-01 -1.9866E-02  4.3346E-01  1.8698E-02  2.3659E+00 -8.1651E-03  1.9965E+00
  5.4114E-01 -1.9991E-02  4.3448E-01  1.8825E-02  2.3797E+00 -8.1276E-03  2.0042E+00
  5.5116E-01 -2.0112E-02  4.3547E-01  1.8950E-02  2.3931E+00 -8.0889E-03  2.0117E+00
  5.6118E-01 -2.0232E-02  4.3642E-01  1.9072E-02  2.4063E+00 -8.0488E-03  2.0191E+00
  5.7120E-01 -2.0349E-02  4.3734E-01  1.9192E-02  2.4193E+00 -8.0083E-03  2.0264E+00
  5.8122E-01 -2.0463E-02  4.3823E-01  1.9310E-02  2.4321E+00 -7.9671E-03  2.0335E+00
  5.9124E-01 -2.0575E-02  4.3910E-01  1.9427E-02  2.4446E+00 -7.9249E-03  2.0406E+00
  6.0126E-01 -2.0686E-02  4.3993E-01  1.9541E-02  2.4568E+00 -7.8812E-03  2.0476E+00
  6.1128E-01 -2.0795E-02  4.4074E-01  1.9654E-02  2.4689E+00 -7.8376E-03  2.0545E+00
  6.2131E-01 -2.0901E-02  4.4153E-01  1.9765E-02  2.4807E+00 -7.7935E-03  2.0613E+00
  6.3133E-01 -2.1006E-02  4.4229E-01  1.9874E-02  2.4923E+00 -7.7489E-03  2.0679E+00
  6.4135E-01 -2.1109E-02  4.4303E-01  1.9982E-02  2.5035E+00 -7.7033E-03  2.0743E+00
  6.5137E-01 -2.1210E-02  4.4375E-01  2.0088E-02  2.5146E+00 -7.6578E-03  2.0808E+00
  6.6139E-01 -2.1309E-02  4.4444E-01  2.0191E-02  2.5255E+00 -7.6117E-03  2.0871E+00
  6.7141E-01 -2.1406E-02  4.4512E-01  2.0293E-02  2.5362E+00 -7.5655E-03  2.0934E+00
  6.8143E-01 -2.1501E-02  4.4578E-01  2.0393E-02  2.5468E+00 -7.5195E-03  2.0996E+00
  6.9145E-01 -2.1594E-02  4.4641E-01  2.0491E-02  2.5572E+00 -7.4727E-03  2.1058E+00
  7.0147E-01 -2.1686E-02  4.4703E-01  2.0588E-02  2.5674E+00 -7.4260E-03  2.1120E+00
  7.1150E-01 -2.1776E-02  4.4764E-01  2.0683E-02  2.5775E+00 -7.3795E-03  2.1181E+00
  7.2152E-01 -2.1864E-02  4.4822E-01  2.0776E-02  2.5875E+00 -7.3328E-03  2.1242E+00
  7.3154E-01 -2.1950E-02  4.4879E-01  2.0867E-02  2.5972E+00 -7.2860E-03  2.1302E+00
  7.4156E-01 -2.2035E-02  4.4934E-01  2.0958E-02  2.6068E+00 -7.2390E-03  2.1361E+00
  7.5158E-01 -2.2119E-02  4.4988E-01  2.1046E-02  2.6163E+00 -7.1927E-03  2.1421E+00
  7.6160E-01 -2.2201E-02  4.5041E-01  2.1134E-02  2.6257E+00 -7.1468E-03  2.1480E+00
  7.7162E-01 -2.2282E-02  4.5092E-01  2.1220E-02  2.6350E+00 -7.1010E-03  2.1538E+00
  7.8164E-01 -2.2362E-02  4.5142E-01  2.1305E-02  2.6442E+00 -7.0553E-03  2.1596E+00
  7.9166E-01 -2.2440E-02  4.5191E-01  2.1388E-02  2.6532E+00 -7.0095E-03  2.1654E+00
  8.0169E-01 -2.2516E-02  4.5238E-01  2.1470E-02  2.6621E+00 -6.9638E-03  2.1712E+00
  8.1171E-01 -2.2592E-02  4.5284E-01  2.1551E-02  2.6708E+00 -6.9181E-03  2.1769E+00
  8.2173E-01 -2.2666E-02  4.5329E-01  2.1631E-02  2.6794E+00 -6.8726E-03  2.1826E+00
  8.3175E-01 -2.2739E-02  4.5372E-01  2.1709E-02  2.6880E+00 -6.8272E-03  2.1883E+00
  8.4177E-01 -2.2811E-02  4.5415E-01  2.1787E-02  2.6963E+00 -6.7817E-03  2.1940E+00
  8.5179E-01 -2.2882E-02  4.5456E-01  2.1864E-02  2.7046E+00 -6.7362E-03  2.1997E+00
  8.6181E-01 -2.2952E-02  4.5497E-01  2.1939E-02  2.7127E+00 -6.6910E-03  2.2054E+00
  8.7183E-01 -2.3021E-02  4.5536E-01  2.2013E-02  2.7208E+00 -6.6459E-03  2.2111E+00
  8.8182E-01 -2.3089E-02  4.5575E-01  2.2087E-02  2.7288E+00 -6.6011E-03  2.2168E+00
  8.9187E-01 -2.3157E-02  4.5612E-01  2.2160E-02  2.7367E+00 -6.5559E-03  2.2226E+00
  8.9405E-01 -2.3171E-02  4.5620E-01  2.2176E-02  2.7384E+00 -6.5461E-03  2.2239E+00
  9.0190E-01 -2.3223E-02  4.5649E-01  2.2232E-02  2.7445E+00 -6.5111E-03  2.2284E+00
  9.1192E-01 -2.3288E-02  4.5684E-01  2.2303E-02  2.7523E+00 -6.4670E-03  2.2342E+00
  9.2194E-01 -2.3353E-02  4.5719E-01  2.2373E-02  2.7600E+00 -6.4228E-03  2.2400E+00
  9.3196E-01 -2.3416E-02  4.5753E-01  2.2442E-02  2.7675E+00 -6.3789E-03  2.2458E+00
  9.4198E-01 -2.3479E-02  4.5787E-01  2.2510E-02  2.7750E+00 -6.3355E-03  2.2516E+00
  9.5200E-01 -2.3540E-02  4.5819E-01  2.2577E-02  2.7824E+00 -6.2922E-03  2.2573E+00
  9.6202E-01 -2.3601E-02  4.5851E-01  2.2643E-02  2.7898E+00 -6.2491E-03  2.2631E+00
  9.7204E-01 -2.3661E-02  4.5882E-01  2.2708E-02  2.7970E+00 -6.2061E-03  2.2689E+00
  9.8030E-01 -2.3710E-02  4.5907E-01  2.2762E-02  2.8029E+00 -6.1707E-03  2.2737E+00
  9.8206E-01 -2.3720E-02  4.5912E-01  2.2773E-02  2.8041E+00 -6.1631E-03  2.2747E+00
  9.9208E-01 -2.3779E-02  4.5942E-01  2.2837E-02  2.8112E+00 -6.1204E-03  2.2805E+00
  1.0021E+00 -2.3836E-02  4.5971E-01  2.2900E-02  2.8182E+00 -6.0782E-03  2.2863E+00
  1.0121E+00 -2.3893E-02  4.5999E-01  2.2963E-02  2.8252E+00 -6.0365E-03  2.2922E+00
  1.0221E+00 -2.3950E-02  4.6027E-01  2.3024E-02  2.8322E+00 -5.9952E-03  2.2981E+00
  1.0322E+00 -2.4005E-02  4.6054E-01  2.3085E-02  2.8390E+00 -5.9535E-03  2.3040E+00
  1.0422E+00 -2.4060E-02  4.6081E-01  2.3145E-02  2.8458E+00 -5.9124E-03  2.3099E+00
  1.0522E+00 -2.4114E-02  4.6107E-01  2.3205E-02  2.8526E+00 -5.8716E-03  2.3158E+00
  1.0622E+00 -2.4167E-02  4.6133E-01  2.3263E-02  2.8594E+00 -5.8313E-03  2.3218E+00
  1.0723E+00 -2.4220E-02  4.6158E-01  2.3321E-02  2.8662E+00 -5.7914E-03  2.3279E+00
  1.0823E+00 -2.4272E-02  4.6182E-01  2.3379E-02  2.8726E+00 -5.7508E-03  2.3338E+00
  1.0923E+00 -2.4324E-02  4.6206E-01  2.3436E-02  2.8791E+00 -5.7106E-03  2.3398E+00
  1.1023E+00 -2.4375E-02  4.6229E-01  2.3492E-02  2.8856E+00 -5.6708E-03  2.3459E+00
  1.1123E+00 -2.4425E-02  4.6252E-01  2.3548E-02  2.8920E+00 -5.6315E-03  2.3520E+00
  1.1224E+00 -2.4475E-02  4.6275E-01  2.3603E-02  2.8985E+00 -5.5926E-03  2.3581E+00
  1.1324E+00 -2.4524E-02  4.6296E-01  2.3657E-02  2.9046E+00 -5.5532E-03  2.3641E+00
  1.1424E+00 -2.4573E-02  4.6318E-01  2.3711E-02  2.9108E+00 -5.5142E-03  2.3701E+00
  1.1524E+00 -2.4621E-02  4.6339E-01  2.3765E-02  2.9169E+00 -5.4756E-03  2.3762E+00
  1.1624E+00 -2.4669E-02  4.6359E-01  2.3817E-02  2.9230E+00 -5.4374E-03  2.3823E+00
  1.1725E+00 -2.4716E-02  4.6380E-01  2.3870E-02  2.9292E+00 -5.3997E-03  2.3885E+00
  1.1825E+00 -2.4762E-02  4.6400E-01  2.3921E-02  2.9352E+00 -5.3621E-03  2.3945E+00
  1.1925E+00 -2.4808E-02  4.6419E-01  2.3972E-02  2.9411E+00 -5.3248E-03  2.4006E+00
  1.2025E+00 -2.4848E-02  4.6423E-01  2.4017E-02  2.9475E+00 -5.2886E-03  2.4071E+00
  1.2125E+00 -2.4858E-02  4.6373E-01  2.4032E-02  2.9554E+00 -5.2540E-03  2.4151E+00
  1.2226E+00 -2.4835E-02  4.6243E-01  2.4014E-02  2.9655E+00 -5.2210E-03  2.4257E+00
  1.2326E+00 -2.4869E-02  4.6514E-01  2.4053E-02  2.9672E+00 -5.1849E-03  2.4268E+00
  1.2426E+00 -2.4729E-02  4.6883E-01  2.3914E-02  2.9750E+00 -5.1684E-03  2.4313E+00
  1.2526E+00 -2.4487E-02  4.6373E-01  2.3674E-02  2.9756E+00 -5.1583E-03  2.4264E+00
  1.2597E+00 -2.4429E-02  4.5642E-01  2.3620E-02  2.9712E+00 -5.1355E-03  2.4211E+00
  1.2627E+00 -2.4605E-02  4.5576E-01  2.3788E-02  2.9832E+00 -5.1833E-03  2.4224E+00
  1.2727E+00 -2.4542E-02  4.5813E-01  2.3728E-02  2.9868E+00 -5.1656E-03  2.4241E+00
  1.2827E+00 -2.4277E-02  4.5621E-01  2.3467E-02  2.9881E+00 -5.1433E-03  2.4248E+00
  1.2927E+00 -2.4072E-02  4.4619E-01  2.3266E-02  2.9823E+00 -5.1243E-03  2.4167E+00
  1.2931E+00 -2.4075E-02  4.4592E-01  2.3270E-02  2.9823E+00 -5.1237E-03  2.4166E+00
  1.3027E+00 -2.4235E-02  4.4671E-01  2.3422E-02  2.9980E+00 -5.1722E-03  2.4186E+00
  1.3128E+00 -2.4000E-02  4.4787E-01  2.3190E-02  3.0032E+00 -5.1645E-03  2.4220E+00
  1.3228E+00 -2.3698E-02  4.3916E-01  2.2890E-02  2.9992E+00 -5.1572E-03  2.4141E+00
  1.3264E+00 -2.3707E-02  4.3573E-01  2.2899E-02  2.9986E+00 -5.1518E-03  2.4132E+00
  1.3328E+00 -2.3895E-02  4.3550E-01  2.3080E-02  3.0135E+00 -5.2057E-03  2.4151E+00
  1.3428E+00 -2.3627E-02  4.3851E-01  2.2808E-02  3.0301E+00 -5.2397E-03  2.4228E+00
  1.3528E+00 -2.3233E-02  4.3295E-01  2.2409E-02  3.0407E+00 -5.2768E-03  2.4224E+00
  1.3597E+00 -2.3153E-02  4.2574E-01  2.2331E-02  3.0400E+00 -5.2709E-03  2.4205E+00
  1.3629E+00 -2.3327E-02  4.2509E-01  2.2497E-02  3.0542E+00 -5.3246E-03  2.4230E+00
  1.3729E+00 -2.3212E-02  4.2784E-01  2.2382E-02  3.0622E+00 -5.3290E-03  2.4282E+00
  1.3829E+00 -2.2902E-02  4.2564E-01  2.2073E-02  3.0677E+00 -5.3326E-03  2.4309E+00
  1.3929E+00 -2.2674E-02  4.1542E-01  2.1847E-02  3.0675E+00 -5.3298E-03  2.4284E+00
  1.3931E+00 -2.2675E-02  4.1532E-01  2.1848E-02  3.0676E+00 -5.3299E-03  2.4284E+00
  1.4029E+00 -2.2808E-02  4.1645E-01  2.1973E-02  3.0886E+00 -5.3927E-03  2.4350E+00
  1.4130E+00 -2.2541E-02  4.1753E-01  2.1707E-02  3.0967E+00 -5.3966E-03  2.4413E+00
  1.4230E+00 -2.2216E-02  4.0848E-01  2.1383E-02  3.0966E+00 -5.3989E-03  2.4380E+00
  1.4264E+00 -2.2226E-02  4.0529E-01  2.1393E-02  3.0972E+00 -5.3971E-03  2.4383E+00
  1.4330E+00 -2.2409E-02  4.0528E-01  2.1567E-02  3.1149E+00 -5.4574E-03  2.4425E+00
  1.4430E+00 -2.2095E-02  4.0829E-01  2.1250E-02  3.1287E+00 -5.4853E-03  2.4499E+00
  1.4531E+00 -2.1657E-02  4.0231E-01  2.0810E-02  3.1361E+00 -5.5148E-03  2.4487E+00
  1.4597E+00 -2.1583E-02  3.9531E-01  2.0736E-02  3.1360E+00 -5.5127E-03  2.4478E+00
  1.4631E+00 -2.1761E-02  3.9470E-01  2.0906E-02  3.1512E+00 -5.5689E-03  2.4506E+00
  1.4731E+00 -2.1627E-02  3.9770E-01  2.0773E-02  3.1593E+00 -5.5778E-03  2.4563E+00
  1.4831E+00 -2.1305E-02  3.9525E-01  2.0450E-02  3.1642E+00 -5.5863E-03  2.4581E+00
  1.4931E+00 -2.1085E-02  3.8504E-01  2.0231E-02  3.1636E+00 -5.5866E-03  2.4555E+00
  1.5032E+00 -2.1212E-02  3.8646E-01  2.0349E-02  3.1845E+00 -5.6528E-03  2.4614E+00
  1.5132E+00 -2.0940E-02  3.8742E-01  2.0077E-02  3.1906E+00 -5.6585E-03  2.4660E+00
  1.5232E+00 -2.0616E-02  3.7815E-01  1.9754E-02  3.1898E+00 -5.6644E-03  2.4616E+00
  1.5264E+00 -2.0631E-02  3.7522E-01  1.9769E-02  3.1898E+00 -5.6632E-03  2.4615E+00
  1.5332E+00 -2.0813E-02  3.7541E-01  1.9943E-02  3.2074E+00 -5.7249E-03  2.4649E+00
  1.5432E+00 -2.0488E-02  3.7833E-01  1.9618E-02  3.2107E+00 -5.7317E-03  2.4657E+00
  1.5533E+00 -2.0042E-02  3.7198E-01  1.9172E-02  3.2083E+00 -5.7416E-03  2.4583E+00
  1.5597E+00 -1.9978E-02  3.6524E-01  1.9108E-02  3.2074E+00 -5.7400E-03  2.4567E+00
  1.5633E+00 -2.0161E-02  3.6467E-01  1.9282E-02  3.2226E+00 -5.7971E-03  2.4589E+00
  1.5733E+00 -2.0018E-02  3.6786E-01  1.9139E-02  3.2294E+00 -5.8074E-03  2.4634E+00
  1.5833E+00 -1.9690E-02  3.6518E-01  1.8810E-02  3.2330E+00 -5.8191E-03  2.4633E+00
  1.5931E+00 -1.9482E-02  3.5516E-01  1.8603E-02  3.2314E+00 -5.8204E-03  2.4597E+00
  1.5933E+00 -1.9611E-02  3.5566E-01  1.8723E-02  3.2455E+00 -5.8749E-03  2.4614E+00
  1.6034E+00 -1.9602E-02  3.5679E-01  1.8714E-02  3.2515E+00 -5.8867E-03  2.4645E+00
  1.6134E+00 -1.9331E-02  3.5763E-01  1.8443E-02  3.2553E+00 -5.8905E-03  2.4673E+00
  1.6234E+00 -1.9012E-02  3.4819E-01  1.8124E-02  3.2534E+00 -5.8959E-03  2.4621E+00
  1.6264E+00 -1.9031E-02  3.4552E-01  1.8143E-02  3.2529E+00 -5.8948E-03  2.4616E+00
  1.6334E+00 -1.9213E-02  3.4590E-01  1.8316E-02  3.2703E+00 -5.9570E-03  2.4643E+00
  1.6435E+00 -1.8896E-02  3.4869E-01  1.8003E-02  3.2664E+00 -5.9406E-03  2.4634E+00
  1.6535E+00 -1.8460E-02  3.4201E-01  1.7570E-02  3.2570E+00 -5.9259E-03  2.4547E+00
  1.6597E+00 -1.8405E-02  3.3553E-01  1.7516E-02  3.2553E+00 -5.9237E-03  2.4525E+00
  1.6635E+00 -1.8592E-02  3.3501E-01  1.7694E-02  3.2706E+00 -5.9810E-03  2.4544E+00
  1.6735E+00 -1.8440E-02  3.3833E-01  1.7542E-02  3.2760E+00 -5.9899E-03  2.4580E+00
  1.6835E+00 -1.8107E-02  3.3543E-01  1.7208E-02  3.2779E+00 -5.9986E-03  2.4569E+00
  1.6931E+00 -1.7911E-02  3.2561E-01  1.7012E-02  3.2753E+00 -5.9988E-03  2.4527E+00
  1.6936E+00 -1.8042E-02  3.2599E-01  1.7135E-02  3.2897E+00 -6.0533E-03  2.4544E+00
  1.7036E+00 -1.8026E-02  3.2745E-01  1.7118E-02  3.2944E+00 -6.0643E-03  2.4564E+00
  1.7136E+00 -1.7751E-02  3.2815E-01  1.6843E-02  3.2978E+00 -6.0711E-03  2.4580E+00
  1.7236E+00 -1.7438E-02  3.1858E-01  1.6530E-02  3.2949E+00 -6.0743E-03  2.4525E+00
  1.7264E+00 -1.7458E-02  3.1616E-01  1.6551E-02  3.2943E+00 -6.0731E-03  2.4518E+00
  1.7336E+00 -1.7639E-02  3.1671E-01  1.6722E-02  3.3115E+00 -6.1356E-03  2.4542E+00
  1.7437E+00 -1.7341E-02  3.1940E-01  1.6429E-02  3.3070E+00 -6.1084E-03  2.4563E+00
  1.7537E+00 -1.6927E-02  3.1243E-01  1.6020E-02  3.2973E+00 -6.0825E-03  2.4512E+00
  1.7597E+00 -1.6881E-02  3.0623E-01  1.5974E-02  3.2952E+00 -6.0799E-03  2.4488E+00
  1.7637E+00 -1.7071E-02  3.0576E-01  1.6155E-02  3.3107E+00 -6.1375E-03  2.4506E+00
  1.7737E+00 -1.6910E-02  3.0920E-01  1.5994E-02  3.3155E+00 -6.1471E-03  2.4534E+00
  1.7837E+00 -1.6573E-02  3.0608E-01  1.5656E-02  3.3169E+00 -6.1568E-03  2.4516E+00
  1.7931E+00 -1.6387E-02  2.9648E-01  1.5471E-02  3.3138E+00 -6.1560E-03  2.4471E+00
  1.7938E+00 -1.6522E-02  2.9674E-01  1.5597E-02  3.3284E+00 -6.2104E-03  2.4488E+00
  1.8038E+00 -1.6496E-02  2.9849E-01  1.5570E-02  3.3323E+00 -6.2203E-03  2.4503E+00
  1.8138E+00 -1.6202E-02  2.9908E-01  1.5273E-02  3.3393E+00 -6.2443E-03  2.4514E+00
  1.8238E+00 -1.5895E-02  2.8941E-01  1.4967E-02  3.3364E+00 -6.2479E-03  2.4457E+00
  1.8264E+00 -1.5917E-02  2.8723E-01  1.4989E-02  3.3357E+00 -6.2468E-03  2.4450E+00
  1.8339E+00 -1.6094E-02  2.8795E-01  1.5157E-02  3.3530E+00 -6.3093E-03  2.4472E+00
  1.8439E+00 -1.5819E-02  2.9054E-01  1.4886E-02  3.3508E+00 -6.2855E-03  2.4518E+00
  1.8539E+00 -1.5432E-02  2.8335E-01  1.4502E-02  3.3436E+00 -6.2616E-03  2.4497E+00
  1.8597E+00 -1.5393E-02  2.7743E-01  1.4465E-02  3.3413E+00 -6.2586E-03  2.4473E+00
  1.8639E+00 -1.5585E-02  2.7702E-01  1.4648E-02  3.3570E+00 -6.3163E-03  2.4490E+00
  1.8739E+00 -1.5416E-02  2.8053E-01  1.4478E-02  3.3611E+00 -6.3251E-03  2.4513E+00
  1.8840E+00 -1.5076E-02  2.7719E-01  1.4137E-02  3.3616E+00 -6.3322E-03  2.4492E+00
  1.8931E+00 -1.4901E-02  2.6781E-01  1.3963E-02  3.3580E+00 -6.3292E-03  2.4449E+00
  1.8940E+00 -1.5039E-02  2.6797E-01  1.4093E-02  3.3728E+00 -6.3834E-03  2.4466E+00
  1.9040E+00 -1.5004E-02  2.6999E-01  1.4057E-02  3.3761E+00 -6.3920E-03  2.4478E+00
  1.9140E+00 -1.4671E-02  2.7043E-01  1.3718E-02  3.3889E+00 -6.4350E-03  2.4503E+00
  1.9240E+00 -1.4372E-02  2.6067E-01  1.3420E-02  3.3854E+00 -6.4354E-03  2.4450E+00
  1.9264E+00 -1.4394E-02  2.5872E-01  1.3442E-02  3.3847E+00 -6.4343E-03  2.4443E+00
  1.9341E+00 -1.4568E-02  2.5960E-01  1.3607E-02  3.4020E+00 -6.4963E-03  2.4464E+00
  1.9441E+00 -1.4311E-02  2.6213E-01  1.3352E-02  3.4020E+00 -6.4844E-03  2.4503E+00
  1.9541E+00 -1.3945E-02  2.5475E-01  1.2988E-02  3.3975E+00 -6.4720E-03  2.4481E+00
  1.9597E+00 -1.3914E-02  2.4911E-01  1.2958E-02  3.3950E+00 -6.4683E-03  2.4458E+00
  1.9641E+00 -1.4107E-02  2.4876E-01  1.3143E-02  3.4110E+00 -6.5263E-03  2.4475E+00
  1.9741E+00 -1.3929E-02  2.5233E-01  1.2963E-02  3.4144E+00 -6.5346E-03  2.4491E+00
  1.9842E+00 -1.3586E-02  2.4878E-01  1.2619E-02  3.4147E+00 -6.5421E-03  2.4465E+00
  1.9931E+00 -1.3422E-02  2.3964E-01  1.2456E-02  3.4110E+00 -6.5386E-03  2.4424E+00
  1.9942E+00 -1.3563E-02  2.3970E-01  1.2590E-02  3.4259E+00 -6.5925E-03  2.4441E+00
  2.0042E+00 -1.3519E-02  2.4196E-01  1.2545E-02  3.4289E+00 -6.6006E-03  2.4450E+00
  2.0142E+00 -1.3120E-02  2.4224E-01  1.2135E-02  3.4500E+00 -6.6731E-03  2.4484E+00
  2.0243E+00 -1.2830E-02  2.3241E-01  1.1845E-02  3.4467E+00 -6.6744E-03  2.4431E+00
  2.0264E+00 -1.2852E-02  2.3068E-01  1.1867E-02  3.4461E+00 -6.6735E-03  2.4425E+00
  2.0343E+00 -1.3021E-02  2.3172E-01  1.2028E-02  3.4635E+00 -6.7354E-03  2.4444E+00
  2.0443E+00 -1.2773E-02  2.3419E-01  1.1780E-02  3.4654E+00 -6.7382E-03  2.4458E+00
  2.0543E+00 -1.2421E-02  2.2665E-01  1.1427E-02  3.4634E+00 -6.7412E-03  2.4417E+00
  2.0597E+00 -1.2397E-02  2.2128E-01  1.1404E-02  3.4609E+00 -6.7373E-03  2.4396E+00
  2.0643E+00 -1.2592E-02  2.2101E-01  1.1590E-02  3.4772E+00 -6.7953E-03  2.4412E+00
  2.0744E+00 -1.2405E-02  2.2462E-01  1.1402E-02  3.4800E+00 -6.8035E-03  2.4421E+00
  2.0844E+00 -1.2059E-02  2.2085E-01  1.1056E-02  3.4800E+00 -6.8110E-03  2.4390E+00
  2.0931E+00 -1.1906E-02  2.1194E-01  1.0903E-02  3.4764E+00 -6.8074E-03  2.4351E+00
  2.0944E+00 -1.2051E-02  2.1193E-01  1.1041E-02  3.4916E+00 -6.8610E-03  2.4368E+00
  2.1044E+00 -1.1998E-02  2.1441E-01  1.0987E-02  3.4941E+00 -6.8688E-03  2.4374E+00
  2.1144E+00 -1.1517E-02  2.1444E-01  1.0493E-02  3.5183E+00 -6.9563E-03  2.4391E+00
  2.1245E+00 -1.1236E-02  2.0454E-01  1.0212E-02  3.5149E+00 -6.9554E-03  2.4342E+00
  2.1264E+00 -1.1257E-02  2.0304E-01  1.0233E-02  3.5144E+00 -6.9549E-03  2.4337E+00
  2.1345E+00 -1.1423E-02  2.0422E-01  1.0390E-02  3.5320E+00 -7.0165E-03  2.4355E+00
  2.1445E+00 -1.1174E-02  2.0661E-01  1.0140E-02  3.5335E+00 -7.0220E-03  2.4356E+00
  2.1545E+00 -1.0825E-02  1.9890E-01  9.7907E-03  3.5321E+00 -7.0277E-03  2.4311E+00
  2.1597E+00 -1.0806E-02  1.9381E-01  9.7731E-03  3.5297E+00 -7.0236E-03  2.4292E+00
  2.1645E+00 -1.1002E-02  1.9361E-01  9.9600E-03  3.5463E+00 -7.0816E-03  2.4309E+00
  2.1746E+00 -1.0807E-02  1.9723E-01  9.7644E-03  3.5485E+00 -7.0878E-03  2.4316E+00
  2.1846E+00 -1.0458E-02  1.9325E-01  9.4147E-03  3.5484E+00 -7.0939E-03  2.4289E+00
  2.1931E+00 -1.0314E-02  1.8458E-01  9.2716E-03  3.5452E+00 -7.0903E-03  2.4255E+00
  2.1946E+00 -1.0463E-02  1.8450E-01  9.4128E-03  3.5606E+00 -7.1436E-03  2.4272E+00
  2.2046E+00 -1.0400E-02  1.8719E-01  9.3489E-03  3.5632E+00 -7.1518E-03  2.4277E+00
  2.2147E+00 -9.8485E-03  1.8686E-01  8.7866E-03  3.5817E+00 -7.2260E-03  2.4257E+00
  2.2247E+00 -9.5756E-03  1.7692E-01  8.5140E-03  3.5787E+00 -7.2253E-03  2.4213E+00
  2.2264E+00 -9.5954E-03  1.7562E-01  8.5338E-03  3.5784E+00 -7.2251E-03  2.4209E+00
  2.2347E+00 -9.7563E-03  1.7695E-01  8.6858E-03  3.5963E+00 -7.2867E-03  2.4228E+00
  2.2447E+00 -9.5027E-03  1.7924E-01  8.4317E-03  3.5975E+00 -7.2913E-03  2.4227E+00
  2.2547E+00 -9.1523E-03  1.7137E-01  8.0806E-03  3.5966E+00 -7.2979E-03  2.4187E+00
  2.2597E+00 -9.1395E-03  1.6654E-01  8.0684E-03  3.5945E+00 -7.2938E-03  2.4171E+00
  2.2648E+00 -9.3351E-03  1.6643E-01  8.2556E-03  3.6114E+00 -7.3518E-03  2.4188E+00
  2.2748E+00 -9.1324E-03  1.7006E-01  8.0520E-03  3.6135E+00 -7.3584E-03  2.4193E+00
  2.2848E+00 -8.7800E-03  1.6587E-01  7.6987E-03  3.6141E+00 -7.3666E-03  2.4166E+00
  2.2931E+00 -8.6454E-03  1.5744E-01  7.5646E-03  3.6112E+00 -7.3630E-03  2.4137E+00
  2.2948E+00 -8.7985E-03  1.5730E-01  7.7100E-03  3.6268E+00 -7.4162E-03  2.4155E+00
  2.3048E+00 -8.7253E-03  1.6017E-01  7.6356E-03  3.6294E+00 -7.4248E-03  2.4158E+00
  2.3149E+00 -8.1381E-03  1.5940E-01  7.0440E-03  3.6343E+00 -7.4566E-03  2.4101E+00
  2.3249E+00 -7.8743E-03  1.4944E-01  6.7805E-03  3.6315E+00 -7.4558E-03  2.4061E+00
  2.3264E+00 -7.8925E-03  1.4833E-01  6.7986E-03  3.6313E+00 -7.4557E-03  2.4058E+00
  2.3349E+00 -8.0482E-03  1.4981E-01  6.9455E-03  3.6494E+00 -7.5172E-03  2.4077E+00
  2.3449E+00 -7.7920E-03  1.5199E-01  6.6889E-03  3.6502E+00 -7.5200E-03  2.4075E+00
  2.3550E+00 -7.4421E-03  1.4395E-01  6.3386E-03  3.6491E+00 -7.5245E-03  2.4041E+00
  2.3597E+00 -7.4344E-03  1.3939E-01  6.3315E-03  3.6472E+00 -7.5206E-03  2.4027E+00
  2.3650E+00 -7.6298E-03  1.3936E-01  6.5185E-03  3.6645E+00 -7.5788E-03  2.4046E+00
  2.3750E+00 -7.4202E-03  1.4298E-01  6.3083E-03  3.6661E+00 -7.5835E-03  2.4050E+00
  2.3850E+00 -7.0648E-03  1.3858E-01  5.9522E-03  3.6660E+00 -7.5889E-03  2.4026E+00
  2.3931E+00 -6.9388E-03  1.3040E-01  5.8270E-03  3.6632E+00 -7.5845E-03  2.4002E+00
  2.3950E+00 -7.0960E-03  1.3021E-01  5.9765E-03  3.6792E+00 -7.6376E-03  2.4021E+00
  2.4051E+00 -7.0122E-03  1.3325E-01  5.8916E-03  3.6815E+00 -7.6454E-03  2.4024E+00
  2.4151E+00 -6.4318E-03  1.3200E-01  5.3149E-03  3.6686E+00 -7.6212E-03  2.3927E+00
  2.4251E+00 -6.1770E-03  1.2202E-01  5.0605E-03  3.6658E+00 -7.6192E-03  2.3893E+00
  2.4264E+00 -6.1932E-03  1.2109E-01  5.0768E-03  3.6657E+00 -7.6191E-03  2.3891E+00
  2.4351E+00 -6.3436E-03  1.2273E-01  5.2183E-03  3.6840E+00 -7.6805E-03  2.3911E+00
  2.4451E+00 -6.0845E-03  1.2479E-01  4.9590E-03  3.6845E+00 -7.6830E-03  2.3908E+00
  2.4552E+00 -5.7353E-03  1.1659E-01  4.6092E-03  3.6836E+00 -7.6874E-03  2.3874E+00
  2.4597E+00 -5.7322E-03  1.1230E-01  4.6067E-03  3.6818E+00 -7.6837E-03  2.3862E+00
  2.4652E+00 -5.9272E-03  1.1236E-01  4.7932E-03  3.6994E+00 -7.7424E-03  2.3881E+00
  2.4752E+00 -5.7115E-03  1.1597E-01  4.5769E-03  3.7008E+00 -7.7471E-03  2.3883E+00
  2.4852E+00 -5.3541E-03  1.1136E-01  4.2188E-03  3.7010E+00 -7.7534E-03  2.3858E+00
  2.4931E+00 -5.2374E-03  1.0341E-01  4.1027E-03  3.6983E+00 -7.7492E-03  2.3835E+00
  2.4952E+00 -5.3987E-03  1.0319E-01  4.2563E-03  3.7144E+00 -7.8021E-03  2.3855E+00
  2.5053E+00 -5.3041E-03  1.0638E-01  4.1606E-03  3.7168E+00 -7.8101E-03  2.3856E+00
  2.5153E+00 -4.7700E-03  1.0471E-01  3.6361E-03  3.6923E+00 -7.7451E-03  2.3757E+00
  2.5253E+00 -4.5247E-03  9.4717E-02  3.3911E-03  3.6900E+00 -7.7443E-03  2.3725E+00
  2.5264E+00 -4.5387E-03  9.3966E-02  3.4051E-03  3.6899E+00 -7.7443E-03  2.3723E+00
  2.5353E+00 -4.6837E-03  9.5751E-02  3.5412E-03  3.7084E+00 -7.8061E-03  2.3743E+00
  2.5454E+00 -4.4225E-03  9.7698E-02  3.2795E-03  3.7091E+00 -7.8096E-03  2.3738E+00
  2.5554E+00 -4.0756E-03  8.9351E-02  2.9321E-03  3.7082E+00 -7.8139E-03  2.3704E+00
  2.5597E+00 -4.0767E-03  8.5313E-02  2.9338E-03  3.7065E+00 -7.8102E-03  2.3694E+00
  2.5654E+00 -4.2708E-03  8.5474E-02  3.1194E-03  3.7242E+00 -7.8690E-03  2.3713E+00
  2.5754E+00 -4.0503E-03  8.9048E-02  2.8984E-03  3.7252E+00 -7.8724E-03  2.3713E+00
  2.5854E+00 -3.6930E-03  8.4226E-02  2.5407E-03  3.7245E+00 -7.8759E-03  2.3687E+00
  2.5931E+00 -3.5852E-03  7.6527E-02  2.4337E-03  3.7219E+00 -7.8714E-03  2.3666E+00
  2.5955E+00 -3.7505E-03  7.6276E-02  2.5912E-03  3.7383E+00 -7.9243E-03  2.3688E+00
  2.6055E+00 -3.6455E-03  7.9609E-02  2.4853E-03  3.7403E+00 -7.9313E-03  2.3689E+00
  2.6155E+00 -3.1785E-03  7.7585E-02  2.0303E-03  3.7153E+00 -7.8500E-03  2.3656E+00
  2.6255E+00 -2.9429E-03  6.7600E-02  1.7952E-03  3.7127E+00 -7.8475E-03  2.3627E+00
  2.6264E+00 -2.9545E-03  6.7014E-02  1.8067E-03  3.7127E+00 -7.8476E-03  2.3625E+00
  2.6355E+00 -3.0937E-03  6.8945E-02  1.9369E-03  3.7313E+00 -7.9093E-03  2.3645E+00
  2.6456E+00 -2.8296E-03  7.0766E-02  1.6727E-03  3.7316E+00 -7.9112E-03  2.3641E+00
  2.6556E+00 -2.4852E-03  6.2269E-02  1.3282E-03  3.7301E+00 -7.9127E-03  2.3610E+00
  2.6597E+00 -2.4902E-03  5.8486E-02  1.3337E-03  3.7284E+00 -7.9090E-03  2.3600E+00
  2.6656E+00 -2.6830E-03  5.8749E-02  1.5180E-03  3.7464E+00 -7.9679E-03  2.3620E+00
  2.6756E+00 -2.4544E-03  6.2287E-02  1.2887E-03  3.7478E+00 -7.9730E-03  2.3620E+00
  2.6856E+00 -2.0938E-03  5.7261E-02  9.2744E-04  3.7478E+00 -7.9784E-03  2.3595E+00
  2.6931E+00 -1.9950E-03  4.9810E-02  8.2937E-04  3.7452E+00 -7.9738E-03  2.3576E+00
  2.6957E+00 -2.1643E-03  4.9543E-02  9.9085E-04  3.7619E+00 -8.0272E-03  2.3599E+00
  2.7057E+00 -2.0489E-03  5.3002E-02  8.7446E-04  3.7640E+00 -8.0347E-03  2.3599E+00
  2.7157E+00 -1.6488E-03  5.0732E-02  4.8415E-04  3.7471E+00 -7.9679E-03  2.3632E+00
  2.7257E+00 -1.4234E-03  4.0768E-02  2.5912E-04  3.7447E+00 -7.9659E-03  2.3603E+00
  2.7264E+00 -1.4324E-03  4.0338E-02  2.6808E-04  3.7447E+00 -7.9660E-03  2.3602E+00
  2.7358E+00 -1.5654E-03  4.2414E-02  3.9209E-04  3.7635E+00 -8.0280E-03  2.3622E+00
  2.7458E+00 -1.2988E-03  4.4111E-02  1.2504E-04  3.7641E+00 -8.0317E-03  2.3615E+00
  2.7558E+00 -9.5783E-04  3.5478E-02 -2.1629E-04  3.7631E+00 -8.0347E-03  2.3585E+00
  2.7597E+00 -9.6635E-04  3.1946E-02 -2.0722E-04  3.7616E+00 -8.0311E-03  2.3577E+00
  2.7658E+00 -1.1575E-03  3.2315E-02 -2.4608E-05  3.7796E+00 -8.0900E-03  2.3598E+00
  2.7758E+00 -9.1601E-04  3.5813E-02 -2.6777E-04  3.7829E+00 -8.1016E-03  2.3598E+00
  2.7859E+00 -5.4777E-04  3.0590E-02 -6.3771E-04  3.7851E+00 -8.1138E-03  2.3577E+00
  2.7931E+00 -4.5751E-04  2.3386E-02 -7.2720E-04  3.7826E+00 -8.1088E-03  2.3559E+00
  2.7959E+00 -6.3048E-04  2.3115E-02 -5.6212E-04  3.7996E+00 -8.1629E-03  2.3584E+00
  2.8059E+00 -5.0490E-04  2.6683E-02 -6.8868E-04  3.8015E+00 -8.1700E-03  2.3583E+00
  2.8159E+00 -1.5663E-04  2.4230E-02 -1.0311E-03  3.7929E+00 -8.1303E-03  2.3627E+00
  2.8259E+00  5.7951E-05  1.4297E-02 -1.2451E-03  3.7903E+00 -8.1270E-03  2.3600E+00
  2.8264E+00  5.1666E-05  1.4012E-02 -1.2388E-03  3.7902E+00 -8.1270E-03  2.3599E+00
  2.8360E+00 -7.4868E-05  1.6231E-02 -1.1213E-03  3.8092E+00 -8.1889E-03  2.3620E+00
  2.8460E+00  1.9413E-04  1.7793E-02 -1.3905E-03  3.8094E+00 -8.1909E-03  2.3613E+00
  2.8560E+00  5.3134E-04  9.0245E-03 -1.7278E-03  3.8080E+00 -8.1916E-03  2.3588E+00
  2.8597E+00  5.1983E-04  5.7398E-03 -1.7157E-03  3.8065E+00 -8.1882E-03  2.3580E+00
  2.8660E+00  3.3051E-04  6.2189E-03 -1.5350E-03  3.8248E+00 -8.2473E-03  2.3602E+00
  2.8760E+00  5.8847E-04  9.6542E-03 -1.7951E-03  3.8295E+00 -8.2621E-03  2.3609E+00
  2.8861E+00  9.6883E-04  4.2224E-03 -2.1776E-03  3.8333E+00 -8.2774E-03  2.3599E+00
  2.8931E+00  1.0507E-03 -2.7329E-03 -2.2587E-03  3.8307E+00 -8.2720E-03  2.3583E+00
  2.8961E+00  8.7437E-04 -2.9983E-03 -2.0903E-03  3.8480E+00 -8.3268E-03  2.3607E+00
  2.9061E+00  1.0101E-03  6.6462E-04 -2.2269E-03  3.8498E+00 -8.3333E-03  2.3606E+00
  2.9161E+00  1.3291E-03 -1.9442E-03 -2.5441E-03  3.8473E+00 -8.3209E-03  2.3624E+00
  2.9262E+00  1.5326E-03 -1.1832E-02 -2.7469E-03  3.8445E+00 -8.3167E-03  2.3598E+00
  2.9264E+00  1.5291E-03 -1.1982E-02 -2.7434E-03  3.8444E+00 -8.3167E-03  2.3597E+00
  2.9362E+00  1.4092E-03 -9.6196E-03 -2.6325E-03  3.8635E+00 -8.3786E-03  2.3618E+00
  2.9462E+00  1.6809E-03 -8.1929E-03 -2.9046E-03  3.8639E+00 -8.3815E-03  2.3610E+00
  2.9562E+00  2.0143E-03 -1.7081E-02 -3.2383E-03  3.8630E+00 -8.3838E-03  2.3585E+00
  2.9597E+00  2.0002E-03 -2.0123E-02 -3.2237E-03  3.8617E+00 -8.3807E-03  2.3579E+00
  2.9662E+00  1.8130E-03 -1.9530E-02 -3.0452E-03  3.8803E+00 -8.4403E-03  2.3601E+00
  2.9763E+00  2.0871E-03 -1.6175E-02 -3.3217E-03  3.8855E+00 -8.4569E-03  2.3607E+00
  2.9863E+00  2.4798E-03 -2.1820E-02 -3.7170E-03  3.8904E+00 -8.4758E-03  2.3598E+00
  2.9931E+00  2.5533E-03 -2.8525E-02 -3.7898E-03  3.8880E+00 -8.4706E-03  2.3584E+00
  2.9963E+00  2.3739E-03 -2.8776E-02 -3.6184E-03  3.9056E+00 -8.5259E-03  2.3608E+00
  3.0063E+00  2.5191E-03 -2.5030E-02 -3.7645E-03  3.9073E+00 -8.5324E-03  2.3605E+00
  3.0163E+00  2.8283E-03 -2.7795E-02 -4.0747E-03  3.9084E+00 -8.5394E-03  2.3591E+00
  3.0264E+00  3.0197E-03 -3.7622E-02 -4.2655E-03  3.9057E+00 -8.5351E-03  2.3566E+00
  3.0364E+00  3.0310E-03 -3.5827E-02 -4.2778E-03  3.9074E+00 -8.5425E-03  2.3560E+00
  3.0464E+00  3.3044E-03 -3.4542E-02 -4.5515E-03  3.9076E+00 -8.5449E-03  2.3551E+00
  3.0564E+00  3.6332E-03 -4.3548E-02 -4.8804E-03  3.9065E+00 -8.5464E-03  2.3527E+00
  3.0597E+00  3.6169E-03 -4.6353E-02 -4.8638E-03  3.9053E+00 -8.5435E-03  2.3521E+00
  3.0664E+00  3.4323E-03 -4.5642E-02 -4.6878E-03  3.9241E+00 -8.6031E-03  2.3544E+00
  3.0765E+00  3.7183E-03 -4.2397E-02 -4.9753E-03  3.9267E+00 -8.6137E-03  2.3536E+00
  3.0865E+00  4.1199E-03 -4.8277E-02 -5.3787E-03  3.9290E+00 -8.6264E-03  2.3513E+00
  3.0931E+00  4.1854E-03 -5.4730E-02 -5.4434E-03  3.9266E+00 -8.6210E-03  2.3500E+00
  3.0965E+00  4.0034E-03 -5.4958E-02 -5.2695E-03  3.9444E+00 -8.6767E-03  2.3524E+00
  3.1065E+00  4.1573E-03 -5.1145E-02 -5.4241E-03  3.9455E+00 -8.6814E-03  2.3521E+00
  3.1166E+00  4.4706E-03 -5.4100E-02 -5.7383E-03  3.9463E+00 -8.6879E-03  2.3502E+00
  3.1264E+00  4.6522E-03 -6.3752E-02 -5.9190E-03  3.9433E+00 -8.6823E-03  2.3481E+00
  3.1266E+00  4.5245E-03 -6.3157E-02 -5.7993E-03  3.9609E+00 -8.7366E-03  2.3507E+00
  3.1366E+00  4.5458E-03 -6.1122E-02 -5.8216E-03  3.9625E+00 -8.7433E-03  2.3502E+00
  3.1466E+00  4.8188E-03 -5.9985E-02 -6.0943E-03  3.9616E+00 -8.7424E-03  2.3491E+00
  3.1566E+00  5.1431E-03 -6.9099E-02 -6.4187E-03  3.9603E+00 -8.7431E-03  2.3466E+00
  3.1597E+00  5.1252E-03 -7.1672E-02 -6.4004E-03  3.9592E+00 -8.7404E-03  2.3461E+00
  3.1667E+00  4.9435E-03 -7.0841E-02 -6.2274E-03  3.9781E+00 -8.8001E-03  2.3485E+00
  3.1767E+00  5.2359E-03 -6.7718E-02 -6.5202E-03  3.9774E+00 -8.8033E-03  2.3457E+00
  3.1867E+00  5.6409E-03 -7.3834E-02 -6.9261E-03  3.9768E+00 -8.8096E-03  2.3416E+00
  3.1931E+00  5.6987E-03 -8.0034E-02 -6.9831E-03  3.9745E+00 -8.8043E-03  2.3403E+00
  3.1967E+00  5.5146E-03 -8.0230E-02 -6.8072E-03  3.9926E+00 -8.8605E-03  2.3428E+00
  3.2067E+00  5.6768E-03 -7.6358E-02 -6.9701E-03  3.9937E+00 -8.8656E-03  2.3423E+00
  3.2168E+00  5.9949E-03 -7.9504E-02 -7.2892E-03  3.9947E+00 -8.8723E-03  2.3406E+00
  3.2264E+00  6.1669E-03 -8.8947E-02 -7.4604E-03  3.9918E+00 -8.8668E-03  2.3385E+00
  3.2268E+00  6.0361E-03 -8.8458E-02 -7.3374E-03  4.0095E+00 -8.9211E-03  2.3412E+00
  3.2368E+00  6.0671E-03 -8.6194E-02 -7.3693E-03  4.0110E+00 -8.9273E-03  2.3407E+00
  3.2468E+00  6.3268E-03 -8.4938E-02 -7.6282E-03  4.0087E+00 -8.9222E-03  2.3393E+00
  3.2568E+00  6.6050E-03 -9.3185E-02 -7.9063E-03  4.0072E+00 -8.9218E-03  2.3370E+00
  3.2669E+00  6.4833E-03 -9.9949E-02 -7.7843E-03  4.0057E+00 -8.9190E-03  2.3360E+00
  3.2769E+00  6.4650E-03 -1.0024E-01 -7.7664E-03  4.0064E+00 -8.9219E-03  2.3356E+00
  3.2969E+00  6.4708E-03 -9.9836E-02 -7.7728E-03  4.0073E+00 -8.9267E-03  2.3349E+00
