  0.0000E+00  0.0000E+00  0.0000E+00  1.2500E-01  1.7841E-16  6.0262E-26  1.1951E-01
  1.5981E-02 -4.5889E-10  2.2389E-09  2.4133E-01  2.4829E-15 -3.1175E-21  2.4132E-01
  2.0054E-02  1.8636E-08  8.5166E-07  1.5882E+00 -2.1698E-10  3.7793E-12  1.5983E+00
  3.0063E-02  1.4535E-07  1.5172E-06  2.7583E+00 -2.0901E-11  6.3463E-16  2.7563E+00
  4.0084E-02  3.3665E-07  1.4815E-06  2.9473E+00 -2.7716E-11  7.7780E-15  2.9456E+00
  5.0106E-02  4.1915E-07  1.4365E-06  2.8413E+00 -2.4943E-11  1.4928E-14  2.8401E+00
  6.0126E-02  5.0296E-07  1.4079E-06  2.7084E+00 -2.7335E-11  2.3851E-14  2.7072E+00
  7.0147E-02  5.8836E-07  1.3894E-06  2.5972E+00 -3.3632E-11  3.8029E-14  2.5959E+00
  8.0168E-02  6.6090E-07  1.3789E-06  2.4902E+00 -4.3936E-11  5.8582E-14  2.4887E+00
  9.0189E-02  7.9873E-07  1.3696E-06  2.3797E+00 -5.4096E-11  8.3767E-14  2.3779E+00
  1.0021E-01  9.5830E-07  1.3641E-06  2.2743E+00 -6.1879E-11  1.1233E-13  2.2725E+00
  1.1023E-01  1.1236E-06  1.3545E-06  2.1710E+00 -6.6561E-11  1.4414E-13  2.1692E+00
  1.2025E-01  1.2779E-06  1.3397E-06  2.0707E+00 -6.7001E-11  1.7937E-13  2.0692E+00
  1.3027E-01  1.4204E-06  1.3267E-06  1.9853E+00 -6.3716E-11  2.1085E-13  1.9841E+00
  1.4029E-01  1.5451E-06  1.3134E-06  1.9164E+00 -5.7386E-11  2.3746E-13  1.9156E+00
  1.5031E-01  1.6468E-06  1.2994E-06  1.8631E+00 -4.9010E-11  2.5652E-13  1.8626E+00
  1.6034E-01  1.7238E-06  1.2856E-06  1.8255E+00 -3.9907E-11  2.6733E-13  1.8252E+00
  1.7036E-01  1.7781E-06  1.2710E-06  1.7989E+00 -3.0734E-11  2.7058E-13  1.7988E+00
  1.8038E-01  1.8134E-06  1.2556E-06  1.7809E+00 -2.2102E-11  2.6752E-13  1.7809E+00
  1.9040E-01  1.8349E-06  1.2406E-06  1.7731E+00 -1.4504E-11  2.6012E-13  1.7731E+00
  2.0042E-01  1.8466E-06  1.2260E-06  1.7744E+00 -7.9843E-12  2.4964E-13  1.7745E+00
  2.1044E-01  1.8517E-06  1.2127E-06  1.7851E+00 -2.6847E-12  2.3747E-13  1.7852E+00
  2.2046E-01  1.8530E-06  1.1998E-06  1.8030E+00  1.7736E-12  2.2491E-13  1.8031E+00
  2.3048E-01  1.8516E-06  1.1867E-06  1.8254E+00  5.4475E-12  2.1182E-13  1.8254E+00
  2.4051E-01  1.8484E-06  1.1738E-06  1.8516E+00  8.4319E-12  1.9872E-13  1.8516E+00
  2.5053E-01  1.8440E-06  1.1616E-06  1.8809E+00  1.0753E-11  1.8576E-13  1.8809E+00
  2.6055E-01  1.8393E-06  1.1490E-06  1.9138E+00  1.2695E-11  1.7354E-13  1.9137E+00
  2.7057E-01  1.8340E-06  1.1366E-06  1.9499E+00  1.4214E-11  1.6193E-13  1.9497E+00
  2.8059E-01  1.8280E-06  1.1248E-06  1.9875E+00  1.5334E-11  1.5077E-13  1.9874E+00
  2.9061E-01  1.8221E-06  1.1127E-06  2.0270E+00  1.6236E-11  1.4034E-13  2.0268E+00
  3.0063E-01  1.8163E-06  1.1009E-06  2.0678E+00  1.6964E-11  1.3058E-13  2.0675E+00
  3.1065E-01  1.8108E-06  1.0895E-06  2.1091E+00  1.7482E-11  1.2142E-13  2.1088E+00
  3.2067E-01  1.8054E-06  1.0781E-06  2.1515E+00  1.7879E-11  1.1287E-13  2.1512E+00
  3.3069E-01  1.8001E-06  1.0668E-06  2.1942E+00  1.8124E-11  1.0489E-13  2.1938E+00
  3.4072E-01  1.7948E-06  1.0555E-06  2.2364E+00  1.8219E-11  9.7409E-14  2.2360E+00
  3.5074E-01  1.7896E-06  1.0444E-06  2.2792E+00  1.8234E-11  9.0496E-14  2.2787E+00
  3.6076E-01  1.7843E-06  1.0333E-06  2.3216E+00  1.8155E-11  8.4022E-14  2.3212E+00
  3.7078E-01  1.7790E-06  1.0225E-06  2.3632E+00  1.7995E-11  7.7978E-14  2.3628E+00
  3.8080E-01  1.7736E-06  1.0117E-06  2.4050E+00  1.7789E-11  7.2391E-14  2.4045E+00
  3.9082E-01  1.7685E-06  1.0011E-06  2.4461E+00  1.7539E-11  6.7213E-14  2.4456E+00
  4.0084E-01  1.7635E-06  9.9074E-07  2.4865E+00  1.7266E-11  6.2396E-14  2.4860E+00
  4.1086E-01  1.7587E-06  9.8038E-07  2.5264E+00  1.6976E-11  5.7931E-14  2.5259E+00
  4.2088E-01  1.7540E-06  9.7012E-07  2.5655E+00  1.6654E-11  5.3781E-14  2.5650E+00
  4.3091E-01  1.7496E-06  9.6016E-07  2.6033E+00  1.6316E-11  4.9927E-14  2.6027E+00
  4.4093E-01  1.7452E-06  9.5027E-07  2.6403E+00  1.5964E-11  4.6370E-14  2.6398E+00
  4.5095E-01  1.7407E-06  9.4051E-07  2.6746E+00  1.5597E-11  4.3069E-14  2.6741E+00
  4.6097E-01  1.7373E-06  9.3276E-07  2.7042E+00  1.5239E-11  3.9744E-14  2.7036E+00
  4.7099E-01  1.7332E-06  9.2344E-07  2.7387E+00  1.4866E-11  3.6957E-14  2.7382E+00
  4.8101E-01  1.7292E-06  9.1430E-07  2.7723E+00  1.4494E-11  3.4375E-14  2.7718E+00
  4.9103E-01  1.7255E-06  9.0529E-07  2.8048E+00  1.4124E-11  3.1984E-14  2.8043E+00
  5.0105E-01  1.7219E-06  8.9639E-07  2.8367E+00  1.3756E-11  2.9775E-14  2.8361E+00
  5.1107E-01  1.7185E-06  8.8760E-07  2.8675E+00  1.3399E-11  2.7729E-14  2.8669E+00
  5.2110E-01  1.7153E-06  8.7894E-07  2.8974E+00  1.3049E-11  2.5839E-14  2.8968E+00
  5.3112E-01  1.7123E-06  8.7056E-07  2.9262E+00  1.2704E-11  2.4090E-14  2.9257E+00
  5.4114E-01  1.7094E-06  8.6215E-07  2.9548E+00  1.2372E-11  2.2478E-14  2.9542E+00
  5.5116E-01  1.7068E-06  8.5377E-07  2.9828E+00  1.2056E-11  2.0982E-14  2.9823E+00
  5.6118E-01  1.7043E-06  8.4560E-07  3.0102E+00  1.1748E-11  1.9600E-14  3.0096E+00
  5.7120E-01  1.7021E-06  8.3739E-07  3.0368E+00  1.1453E-11  1.8315E-14  3.0363E+00
  5.8122E-01  1.7001E-06  8.2933E-07  3.0626E+00  1.1164E-11  1.7126E-14  3.0621E+00
  5.9124E-01  1.6983E-06  8.2138E-07  3.0880E+00  1.0889E-11  1.6025E-14  3.0875E+00
  6.0126E-01  1.6967E-06  8.1362E-07  3.1126E+00  1.0621E-11  1.5006E-14  3.1121E+00
  6.1128E-01  1.6953E-06  8.0586E-07  3.1371E+00  1.0362E-11  1.4065E-14  3.1365E+00
  6.2131E-01  1.6941E-06  7.9813E-07  3.1607E+00  1.0108E-11  1.3189E-14  3.1602E+00
  6.3133E-01  1.6930E-06  7.9048E-07  3.1835E+00  9.8609E-12  1.2375E-14  3.1830E+00
  6.4135E-01  1.6922E-06  7.8298E-07  3.2054E+00  9.6216E-12  1.1615E-14  3.2049E+00
  6.5137E-01  1.6915E-06  7.7552E-07  3.2268E+00  9.3918E-12  1.0909E-14  3.2263E+00
  6.6139E-01  1.6909E-06  7.6818E-07  3.2475E+00  9.1685E-12  1.0252E-14  3.2470E+00
  6.7141E-01  1.6906E-06  7.6091E-07  3.2678E+00  8.9545E-12  9.6411E-15  3.2673E+00
  6.8143E-01  1.6903E-06  7.5373E-07  3.2874E+00  8.7452E-12  9.0729E-15  3.2869E+00
  6.9145E-01  1.6902E-06  7.4677E-07  3.3063E+00  8.5412E-12  8.5450E-15  3.3059E+00
  7.0147E-01  1.6903E-06  7.3982E-07  3.3252E+00  8.3463E-12  8.0535E-15  3.3247E+00
  7.1150E-01  1.6904E-06  7.3295E-07  3.3432E+00  8.1558E-12  7.5949E-15  3.3428E+00
  7.2152E-01  1.6907E-06  7.2619E-07  3.3608E+00  7.9712E-12  7.1660E-15  3.3604E+00
  7.3154E-01  1.6911E-06  7.1946E-07  3.3779E+00  7.7914E-12  6.7652E-15  3.3775E+00
  7.4156E-01  1.6916E-06  7.1281E-07  3.3943E+00  7.6170E-12  6.3901E-15  3.3939E+00
  7.5158E-01  1.6923E-06  7.0615E-07  3.4105E+00  7.4487E-12  6.0404E-15  3.4100E+00
  7.6160E-01  1.6932E-06  6.9956E-07  3.4260E+00  7.2845E-12  5.7130E-15  3.4256E+00
  7.7162E-01  1.6941E-06  6.9301E-07  3.4412E+00  7.1259E-12  5.4059E-15  3.4407E+00
  7.8164E-01  1.6952E-06  6.8657E-07  3.4559E+00  6.9719E-12  5.1186E-15  3.4555E+00
  7.9166E-01  1.6965E-06  6.8023E-07  3.4703E+00  6.8235E-12  4.8496E-15  3.4699E+00
  8.0169E-01  1.6978E-06  6.7395E-07  3.4842E+00  6.6784E-12  4.5977E-15  3.4838E+00
  8.1171E-01  1.6994E-06  6.6773E-07  3.4978E+00  6.5384E-12  4.3611E-15  3.4974E+00
  8.2173E-01  1.7010E-06  6.6160E-07  3.5111E+00  6.4027E-12  4.1393E-15  3.5106E+00
  8.3175E-01  1.7028E-06  6.5556E-07  3.5240E+00  6.2709E-12  3.9313E-15  3.5235E+00
  8.4177E-01  1.7048E-06  6.4961E-07  3.5365E+00  6.1443E-12  3.7356E-15  3.5361E+00
  8.5179E-01  1.7069E-06  6.4377E-07  3.5488E+00  6.0212E-12  3.5521E-15  3.5484E+00
  8.6181E-01  1.7090E-06  6.3797E-07  3.5607E+00  5.9015E-12  3.3796E-15  3.5603E+00
  8.7183E-01  1.7114E-06  6.3228E-07  3.5724E+00  5.7856E-12  3.2175E-15  3.5720E+00
  8.8182E-01  1.7138E-06  6.2672E-07  3.5838E+00  5.6739E-12  3.0655E-15  3.5834E+00
  8.9187E-01  1.7165E-06  6.2123E-07  3.5951E+00  5.5657E-12  2.9216E-15  3.5947E+00
  8.9405E-01  1.7171E-06  6.2008E-07  3.5974E+00  5.5426E-12  2.8914E-15  3.5970E+00
  9.0190E-01  1.7192E-06  6.1588E-07  3.6060E+00  5.4616E-12  2.7862E-15  3.6056E+00
  9.1192E-01  1.7221E-06  6.1054E-07  3.6170E+00  5.3616E-12  2.6588E-15  3.6166E+00
  9.2194E-01  1.7251E-06  6.0526E-07  3.6274E+00  5.2642E-12  2.5380E-15  3.6270E+00
  9.3196E-01  1.7282E-06  6.0006E-07  3.6376E+00  5.1695E-12  2.4239E-15  3.6372E+00
  9.4198E-01  1.7315E-06  5.9489E-07  3.6474E+00  5.0781E-12  2.3158E-15  3.6470E+00
  9.5200E-01  1.7349E-06  5.8978E-07  3.6570E+00  4.9890E-12  2.2138E-15  3.6566E+00
  9.6202E-01  1.7384E-06  5.8475E-07  3.6664E+00  4.9025E-12  2.1174E-15  3.6660E+00
  9.7204E-01  1.7420E-06  5.7977E-07  3.6756E+00  4.8189E-12  2.0260E-15  3.6752E+00
  9.8030E-01  1.7450E-06  5.7573E-07  3.6829E+00  4.7514E-12  1.9544E-15  3.6825E+00
  9.8206E-01  1.7457E-06  5.7489E-07  3.6844E+00  4.7372E-12  1.9395E-15  3.6840E+00
  9.9208E-01  1.7496E-06  5.7002E-07  3.6931E+00  4.6583E-12  1.8574E-15  3.6927E+00
  1.0021E+00  1.7536E-06  5.6520E-07  3.7018E+00  4.5821E-12  1.7798E-15  3.7014E+00
  1.0121E+00  1.7577E-06  5.6044E-07  3.7105E+00  4.5085E-12  1.7064E-15  3.7101E+00
  1.0221E+00  1.7619E-06  5.5572E-07  3.7191E+00  4.4372E-12  1.6369E-15  3.7187E+00
  1.0322E+00  1.7662E-06  5.5106E-07  3.7270E+00  4.3669E-12  1.5705E-15  3.7266E+00
  1.0422E+00  1.7706E-06  5.4644E-07  3.7349E+00  4.2989E-12  1.5076E-15  3.7345E+00
  1.0522E+00  1.7751E-06  5.4188E-07  3.7427E+00  4.2331E-12  1.4480E-15  3.7424E+00
  1.0622E+00  1.7797E-06  5.3736E-07  3.7506E+00  4.1694E-12  1.3915E-15  3.7502E+00
  1.0723E+00  1.7844E-06  5.3288E-07  3.7584E+00  4.1076E-12  1.3378E-15  3.7580E+00
  1.0823E+00  1.7892E-06  5.2849E-07  3.7654E+00  4.0474E-12  1.2860E-15  3.7650E+00
  1.0923E+00  1.7941E-06  5.2414E-07  3.7724E+00  3.9891E-12  1.2368E-15  3.7721E+00
  1.1023E+00  1.7992E-06  5.1983E-07  3.7795E+00  3.9325E-12  1.1900E-15  3.7791E+00
  1.1123E+00  1.8043E-06  5.1557E-07  3.7865E+00  3.8776E-12  1.1455E-15  3.7861E+00
  1.1224E+00  1.8095E-06  5.1135E-07  3.7934E+00  3.8243E-12  1.1032E-15  3.7931E+00
  1.1324E+00  1.8148E-06  5.0721E-07  3.7995E+00  3.7711E-12  1.0626E-15  3.7992E+00
  1.1424E+00  1.8202E-06  5.0310E-07  3.8056E+00  3.7195E-12  1.0238E-15  3.8053E+00
  1.1524E+00  1.8256E-06  4.9904E-07  3.8117E+00  3.6693E-12  9.8693E-16  3.8114E+00
  1.1624E+00  1.8312E-06  4.9502E-07  3.8178E+00  3.6206E-12  9.5177E-16  3.8174E+00
  1.1725E+00  1.8369E-06  4.9105E-07  3.8238E+00  3.5734E-12  9.1825E-16  3.8235E+00
  1.1825E+00  1.8426E-06  4.8712E-07  3.8293E+00  3.5266E-12  8.8594E-16  3.8290E+00
  1.1925E+00  1.8484E-06  4.8323E-07  3.8348E+00  3.4812E-12  8.5510E-16  3.8344E+00
  1.2025E+00  1.9001E-06  4.8348E-07  3.8405E+00  3.4402E-12  8.2823E-16  3.8402E+00
  1.2125E+00  2.1126E-06  4.8974E-07  3.8462E+00  3.4100E-12  8.1142E-16  3.8458E+00
  1.2226E+00  2.0275E-06  4.7809E-07  3.8516E+00  3.4183E-12  7.9627E-16  3.8513E+00
  1.2326E+00  6.0522E-07  4.9321E-07  3.8564E+00  3.2908E-12  7.6017E-16  3.8561E+00
  1.2426E+00  2.1767E-06  7.9117E-07  3.9059E+00  2.8220E-12  9.3469E-16  3.9056E+00
  1.2526E+00  4.7371E-06  1.0903E-06  3.9873E+00  2.4106E-12  1.1441E-15  3.9871E+00
  1.2597E+00  4.0506E-06  9.8182E-07  3.9894E+00  2.4373E-12  1.1467E-15  3.9892E+00
  1.2627E+00  2.8929E-06  9.6760E-07  3.9913E+00  2.3778E-12  1.1709E-15  3.9911E+00
  1.2727E+00  1.9003E-06  1.0469E-06  3.9967E+00  2.3424E-12  1.1110E-15  3.9965E+00
  1.2827E+00  3.9635E-06  9.2725E-07  4.0346E+00  1.6058E-12  1.4839E-15  4.0344E+00
  1.2927E+00  4.2501E-06  8.2339E-07  4.0401E+00  1.6315E-12  1.5014E-15  4.0400E+00
  1.2931E+00  4.1312E-06  8.2090E-07  4.0405E+00  1.6301E-12  1.5032E-15  4.0404E+00
  1.3027E+00  1.7625E-06  8.9527E-07  4.0498E+00  1.5898E-12  1.4753E-15  4.0497E+00
  1.3128E+00  3.0487E-06  9.1320E-07  4.0616E+00  1.6125E-12  1.4225E-15  4.0615E+00
  1.3228E+00  4.6230E-06  8.7654E-07  4.0719E+00  1.6310E-12  1.4431E-15  4.0717E+00
  1.3264E+00  3.7175E-06  8.1772E-07  4.0746E+00  1.6440E-12  1.4609E-15  4.0744E+00
  1.3328E+00  1.6580E-06  8.5455E-07  4.0786E+00  1.6140E-12  1.4619E-15  4.0785E+00
  1.3428E+00  2.7123E-06  1.0965E-06  4.1541E+00  2.7749E-12  1.0033E-15  4.1538E+00
  1.3528E+00  5.2423E-06  1.3182E-06  4.2866E+00  3.9627E-12  6.1571E-16  4.2862E+00
  1.3597E+00  4.5137E-06  1.2146E-06  4.2849E+00  4.0883E-12  6.2224E-16  4.2845E+00
  1.3629E+00  3.3576E-06  1.2051E-06  4.2840E+00  4.0607E-12  6.4800E-16  4.2835E+00
  1.3729E+00  2.6039E-06  1.2779E-06  4.2817E+00  4.0502E-12  6.1872E-16  4.2812E+00
  1.3829E+00  4.4874E-06  1.2450E-06  4.2981E+00  3.6581E-12  8.5907E-16  4.2977E+00
  1.3929E+00  4.5809E-06  1.1385E-06  4.2988E+00  3.8360E-12  8.8576E-16  4.2983E+00
  1.3931E+00  4.5356E-06  1.1376E-06  4.2989E+00  3.8378E-12  8.8631E-16  4.2984E+00
  1.4029E+00  2.3978E-06  1.2105E-06  4.3009E+00  3.8447E-12  8.8009E-16  4.3004E+00
  1.4130E+00  3.6457E-06  1.2153E-06  4.3070E+00  3.9300E-12  8.4239E-16  4.3065E+00
  1.4230E+00  5.0064E-06  1.1750E-06  4.3106E+00  4.0899E-12  8.7198E-16  4.3101E+00
  1.4264E+00  4.1761E-06  1.1237E-06  4.3108E+00  4.1546E-12  8.8460E-16  4.3103E+00
  1.4330E+00  2.2668E-06  1.1621E-06  4.3118E+00  4.1743E-12  8.8549E-16  4.3113E+00
  1.4430E+00  3.3650E-06  1.2121E-06  4.3463E+00  6.2106E-12  3.9710E-18  4.3454E+00
  1.4531E+00  5.7038E-06  1.2450E-06  4.4420E+00  8.4424E-12 -8.6072E-16  4.4406E+00
  1.4597E+00  4.9765E-06  1.1501E-06  4.4450E+00  8.7632E-12 -9.2052E-16  4.4435E+00
  1.4631E+00  3.8471E-06  1.1454E-06  4.4448E+00  8.8098E-12 -9.2093E-16  4.4434E+00
  1.4731E+00  3.2897E-06  1.2097E-06  4.4493E+00  8.7294E-12 -9.0821E-16  4.4478E+00
  1.4831E+00  5.0128E-06  1.2222E-06  4.4574E+00  8.6566E-12 -8.0820E-16  4.4560E+00
  1.4931E+00  4.9691E-06  1.1191E-06  4.4629E+00  9.1370E-12 -8.8573E-16  4.4614E+00
  1.5032E+00  3.0527E-06  1.1887E-06  4.4675E+00  9.1643E-12 -8.9624E-16  4.4660E+00
  1.5132E+00  4.2248E-06  1.1878E-06  4.4697E+00  9.1644E-12 -8.8927E-16  4.4681E+00
  1.5232E+00  5.3781E-06  1.1448E-06  4.4753E+00  9.5903E-12 -9.4626E-16  4.4737E+00
  1.5264E+00  4.6341E-06  1.1019E-06  4.4752E+00  9.7495E-12 -9.7625E-16  4.4736E+00
  1.5332E+00  2.8809E-06  1.1400E-06  4.4767E+00  9.8311E-12 -1.0036E-15  4.4751E+00
  1.5432E+00  3.9053E-06  1.0321E-06  4.4786E+00  1.1313E-11 -1.8127E-15  4.4766E+00
  1.5533E+00  5.9659E-06  9.0759E-07  4.5218E+00  1.3283E-11 -2.7204E-15  4.5192E+00
  1.5597E+00  5.2603E-06  8.2225E-07  4.5249E+00  1.3812E-11 -2.8793E-15  4.5222E+00
  1.5633E+00  4.1740E-06  8.2151E-07  4.5240E+00  1.3940E-11 -2.9200E-15  4.5213E+00
  1.5733E+00  3.7726E-06  8.7713E-07  4.5274E+00  1.3714E-11 -2.8363E-15  4.5248E+00
  1.5833E+00  5.3461E-06  8.9936E-07  4.5327E+00  1.3824E-11 -2.8202E-15  4.5300E+00
  1.5931E+00  5.2322E-06  8.0374E-07  4.5392E+00  1.4632E-11 -3.0491E-15  4.5363E+00
  1.5933E+00  5.1558E-06  8.0203E-07  4.5396E+00  1.4691E-11 -3.0720E-15  4.5367E+00
  1.6034E+00  3.5339E-06  8.6276E-07  4.5454E+00  1.4682E-11 -3.0712E-15  4.5426E+00
  1.6134E+00  4.6314E-06  8.8260E-07  4.5225E+00  1.4329E-11 -2.9077E-15  4.5198E+00
  1.6234E+00  5.5957E-06  8.3708E-07  4.5284E+00  1.5061E-11 -3.0965E-15  4.5255E+00
  1.6264E+00  4.9417E-06  8.0204E-07  4.5276E+00  1.5310E-11 -3.1763E-15  4.5247E+00
  1.6334E+00  3.3458E-06  8.3883E-07  4.5294E+00  1.5437E-11 -3.2309E-15  4.5264E+00
  1.6435E+00  4.2436E-06  6.6526E-07  4.4890E+00  1.5346E-11 -3.3973E-15  4.4860E+00
  1.6535E+00  5.9998E-06  4.7347E-07  4.4711E+00  1.6074E-11 -3.8190E-15  4.4680E+00
  1.6597E+00  5.3306E-06  3.9782E-07  4.4734E+00  1.6738E-11 -4.0461E-15  4.4702E+00
  1.6635E+00  4.2986E-06  4.0032E-07  4.4726E+00  1.6920E-11 -4.1174E-15  4.4693E+00
  1.6735E+00  4.0245E-06  4.4886E-07  4.4748E+00  1.6557E-11 -3.9658E-15  4.4715E+00
  1.6835E+00  5.4567E-06  4.6762E-07  4.4791E+00  1.6744E-11 -3.9795E-15  4.4758E+00
  1.6931E+00  5.2942E-06  3.7993E-07  4.4844E+00  1.7780E-11 -4.3178E-15  4.4809E+00
  1.6936E+00  5.1714E-06  3.7680E-07  4.4852E+00  1.7882E-11 -4.3629E-15  4.4816E+00
  1.7036E+00  3.7911E-06  4.2797E-07  4.4910E+00  1.7810E-11 -4.3374E-15  4.4875E+00
  1.7136E+00  4.8425E-06  5.0178E-07  4.4426E+00  1.6870E-11 -3.9248E-15  4.4394E+00
  1.7236E+00  5.6391E-06  4.5526E-07  4.4471E+00  1.7825E-11 -4.2120E-15  4.4437E+00
  1.7264E+00  5.0731E-06  4.2738E-07  4.4461E+00  1.8112E-11 -4.3161E-15  4.4425E+00
  1.7336E+00  3.6293E-06  4.6234E-07  4.4477E+00  1.8241E-11 -4.3814E-15  4.4441E+00
  1.7437E+00  4.3815E-06  3.0546E-07  4.3937E+00  1.6934E-11 -3.8776E-15  4.3905E+00
  1.7537E+00  5.8379E-06  1.2868E-07  4.3520E+00  1.6663E-11 -3.7196E-15  4.3490E+00
  1.7597E+00  5.2129E-06  6.2164E-08  4.3539E+00  1.7380E-11 -3.9566E-15  4.3508E+00
  1.7637E+00  4.2413E-06  6.7202E-08  4.3534E+00  1.7572E-11 -4.0377E-15  4.3502E+00
  1.7737E+00  4.0698E-06  1.1005E-07  4.3547E+00  1.7124E-11 -3.8548E-15  4.3516E+00
  1.7837E+00  5.3663E-06  1.2443E-07  4.3573E+00  1.7355E-11 -3.8747E-15  4.3541E+00
  1.7931E+00  5.1710E-06  4.5052E-08  4.3608E+00  1.8500E-11 -4.2340E-15  4.3574E+00
  1.7938E+00  5.0111E-06  4.0441E-08  4.3617E+00  1.8627E-11 -4.2952E-15  4.3583E+00
  1.8038E+00  3.8423E-06  8.3774E-08  4.3649E+00  1.8469E-11 -4.2434E-15  4.3615E+00
  1.8138E+00  4.9189E-06  2.8217E-07  4.2879E+00  1.6386E-11 -3.3059E-15  4.2850E+00
  1.8238E+00  5.5682E-06  2.3584E-07  4.2910E+00  1.7426E-11 -3.5836E-15  4.2880E+00
  1.8264E+00  5.0847E-06  2.1415E-07  4.2903E+00  1.7691E-11 -3.6705E-15  4.2872E+00
  1.8339E+00  3.7845E-06  2.4708E-07  4.2917E+00  1.7779E-11 -3.7308E-15  4.2886E+00
  1.8439E+00  4.4117E-06  1.5390E-07  4.2640E+00  1.6191E-11 -2.9366E-15  4.2613E+00
  1.8539E+00  5.6102E-06  4.0385E-08  4.2434E+00  1.5690E-11 -2.4351E-15  4.2409E+00
  1.8597E+00  5.0330E-06 -1.7701E-08  4.2446E+00  1.6390E-11 -2.6111E-15  4.2420E+00
  1.8639E+00  4.1251E-06 -1.0793E-08  4.2447E+00  1.6550E-11 -2.6776E-15  4.2420E+00
  1.8739E+00  4.0355E-06  2.6964E-08  4.2462E+00  1.6086E-11 -2.5219E-15  4.2436E+00
  1.8840E+00  5.2036E-06  3.8093E-08  4.2476E+00  1.6350E-11 -2.5192E-15  4.2450E+00
  1.8931E+00  4.9878E-06 -3.2788E-08  4.2497E+00  1.7504E-11 -2.7833E-15  4.2469E+00
  1.8940E+00  4.7989E-06 -3.8682E-08  4.2504E+00  1.7628E-11 -2.8470E-15  4.2476E+00
  1.9040E+00  3.8144E-06 -6.3139E-10  4.2513E+00  1.7380E-11 -2.7874E-15  4.2485E+00
  1.9140E+00  5.0050E-06  3.5621E-07  4.1811E+00  1.4047E-11 -1.1834E-15  4.1790E+00
  1.9240E+00  5.5257E-06  3.1126E-07  4.1833E+00  1.5056E-11 -1.3006E-15  4.1811E+00
  1.9264E+00  5.1179E-06  2.9472E-07  4.1831E+00  1.5260E-11 -1.3308E-15  4.1809E+00
  1.9341E+00  3.9514E-06  3.2546E-07  4.1842E+00  1.5280E-11 -1.3802E-15  4.1820E+00
  1.9441E+00  4.4902E-06  2.9379E-07  4.1820E+00  1.4091E-11 -7.3976E-16  4.1800E+00
  1.9541E+00  5.4872E-06  2.4311E-07  4.1825E+00  1.3920E-11 -1.8124E-16  4.1806E+00
  1.9597E+00  4.9588E-06  1.9258E-07  4.1835E+00  1.4560E-11 -2.2337E-16  4.1815E+00
  1.9641E+00  4.1155E-06  2.0064E-07  4.1840E+00  1.4660E-11 -2.5340E-16  4.1820E+00
  1.9741E+00  4.0904E-06  2.3298E-07  4.1857E+00  1.4241E-11 -2.0335E-16  4.1838E+00
  1.9842E+00  5.1386E-06  2.4193E-07  4.1871E+00  1.4542E-11 -1.4869E-16  4.1851E+00
  1.9931E+00  4.9115E-06  1.7886E-07  4.1886E+00  1.5641E-11 -1.8662E-16  4.1864E+00
  1.9942E+00  4.7010E-06  1.7204E-07  4.1890E+00  1.5737E-11 -2.3275E-16  4.1868E+00
  2.0042E+00  3.8763E-06  2.0642E-07  4.1898E+00  1.5417E-11 -2.1048E-16  4.1876E+00
  2.0142E+00  5.2032E-06  6.2432E-07  4.1866E+00  1.2672E-11  1.5156E-15  4.1850E+00
  2.0243E+00  5.6133E-06  5.8052E-07  4.1892E+00  1.3705E-11  1.6950E-15  4.1874E+00
  2.0264E+00  5.2737E-06  5.6796E-07  4.1895E+00  1.3869E-11  1.7351E-15  4.1877E+00
  2.0343E+00  4.2304E-06  5.9573E-07  4.1911E+00  1.3828E-11  1.6737E-15  4.1893E+00
  2.0443E+00  4.7142E-06  5.9769E-07  4.1958E+00  1.3234E-11  1.8989E-15  4.1942E+00
  2.0543E+00  5.5610E-06  5.8348E-07  4.2006E+00  1.3670E-11  2.3876E-15  4.1990E+00
  2.0597E+00  5.0808E-06  5.3950E-07  4.2017E+00  1.4323E-11  2.5247E-15  4.1999E+00
  2.0643E+00  4.3012E-06  5.4813E-07  4.2022E+00  1.4382E-11  2.5278E-15  4.2005E+00
  2.0744E+00  4.3253E-06  5.7546E-07  4.2029E+00  1.3958E-11  2.4292E-15  4.2012E+00
  2.0844E+00  5.2636E-06  5.8379E-07  4.2026E+00  1.4322E-11  2.6135E-15  4.2009E+00
  2.0931E+00  5.0315E-06  5.2843E-07  4.2026E+00  1.5484E-11  2.9284E-15  4.2007E+00
  2.0944E+00  4.8055E-06  5.2131E-07  4.2025E+00  1.5556E-11  2.9103E-15  4.2006E+00
  2.1044E+00  4.1174E-06  5.5430E-07  4.2020E+00  1.5143E-11  2.8475E-15  4.2001E+00
  2.1144E+00  5.5207E-06  8.7063E-07  4.2772E+00  1.6318E-11  3.4375E-15  4.2751E+00
  2.1245E+00  5.8357E-06  8.2941E-07  4.2785E+00  1.7820E-11  3.9846E-15  4.2762E+00
  2.1264E+00  5.5561E-06  8.2018E-07  4.2785E+00  1.8046E-11  4.0709E-15  4.2762E+00
  2.1345E+00  4.6231E-06  8.4589E-07  4.2788E+00  1.7946E-11  3.9492E-15  4.2765E+00
  2.1445E+00  5.0728E-06  8.5440E-07  4.2809E+00  1.7521E-11  3.9147E-15  4.2786E+00
  2.1545E+00  5.8072E-06  8.4956E-07  4.2829E+00  1.8695E-11  4.5382E-15  4.2805E+00
  2.1597E+00  5.3726E-06  8.1142E-07  4.2835E+00  1.9669E-11  4.8577E-15  4.2810E+00
  2.1645E+00  4.6533E-06  8.2019E-07  4.2840E+00  1.9783E-11  4.8370E-15  4.2814E+00
  2.1746E+00  4.7148E-06  8.4190E-07  4.2852E+00  1.9084E-11  4.6400E-15  4.2827E+00
  2.1846E+00  5.5556E-06  8.4791E-07  4.2864E+00  1.9698E-11  5.0967E-15  4.2839E+00
  2.1931E+00  5.3243E-06  7.9761E-07  4.2879E+00  2.1502E-11  5.8590E-15  4.2851E+00
  2.1946E+00  5.0879E-06  7.9032E-07  4.2878E+00  2.1631E-11  5.8315E-15  4.2850E+00
  2.2046E+00  4.5174E-06  8.1968E-07  4.2890E+00  2.0972E-11  5.6348E-15  4.2863E+00
  2.2147E+00  5.9003E-06  9.4111E-07  4.3883E+00  2.8075E-11  3.5313E-15  4.3839E+00
  2.2247E+00  6.1370E-06  9.0072E-07  4.3900E+00  3.1166E-11  4.3332E-15  4.3852E+00
  2.2264E+00  5.9099E-06  8.9373E-07  4.3901E+00  3.1629E-11  4.3997E-15  4.3852E+00
  2.2347E+00  5.0759E-06  9.1610E-07  4.3908E+00  3.1427E-11  4.1291E-15  4.3859E+00
  2.2447E+00  5.4986E-06  9.2093E-07  4.3924E+00  3.0544E-11  4.2010E-15  4.3876E+00
  2.2547E+00  6.1416E-06  9.1432E-07  4.3944E+00  3.3186E-11  5.1666E-15  4.3892E+00
  2.2597E+00  5.7499E-06  8.8065E-07  4.3953E+00  3.5186E-11  5.5463E-15  4.3898E+00
  2.2648E+00  5.0875E-06  8.8895E-07  4.3958E+00  3.5539E-11  5.3329E-15  4.3902E+00
  2.2748E+00  5.1772E-06  9.0465E-07  4.3977E+00  3.3912E-11  5.2730E-15  4.3924E+00
  2.2848E+00  5.9317E-06  9.0694E-07  4.4000E+00  3.5319E-11  6.2157E-15  4.3945E+00
  2.2931E+00  5.7049E-06  8.6071E-07  4.4024E+00  3.9171E-11  7.3860E-15  4.3963E+00
  2.2948E+00  5.4622E-06  8.5352E-07  4.4022E+00  3.9555E-11  7.2001E-15  4.3960E+00
  2.3048E+00  4.9923E-06  8.7917E-07  4.4040E+00  3.8062E-11  6.9475E-15  4.3981E+00
  2.3149E+00  6.2609E-06  8.1145E-07  4.4758E+00  4.9155E-11  1.3492E-15  4.4668E+00
  2.3249E+00  6.4323E-06  7.7225E-07  4.4782E+00  5.5817E-11  2.1361E-15  4.4680E+00
  2.3264E+00  6.2507E-06  7.6702E-07  4.4783E+00  5.6733E-11  2.0873E-15  4.4679E+00
  2.3349E+00  5.5049E-06  7.8671E-07  4.4792E+00  5.6188E-11  1.5575E-15  4.4689E+00
  2.3449E+00  5.9011E-06  7.8784E-07  4.4802E+00  5.4075E-11  2.2900E-15  4.4703E+00
  2.3550E+00  6.4641E-06  7.7800E-07  4.4822E+00  5.9925E-11  3.7563E-15  4.4713E+00
  2.3597E+00  6.1120E-06  7.4874E-07  4.4828E+00  6.4176E-11  3.9380E-15  4.4710E+00
  2.3650E+00  5.5025E-06  7.5696E-07  4.4828E+00  6.4997E-11  3.1866E-15  4.4709E+00
  2.3750E+00  5.6120E-06  7.6836E-07  4.4844E+00  6.1177E-11  3.8578E-15  4.4732E+00
  2.3850E+00  6.2887E-06  7.6741E-07  4.4871E+00  6.4519E-11  5.7117E-15  4.4753E+00
  2.3931E+00  6.0688E-06  7.2572E-07  4.4891E+00  7.3126E-11  7.1903E-15  4.4757E+00
  2.3950E+00  5.8235E-06  7.1909E-07  4.4884E+00  7.4135E-11  6.4640E-15  4.4748E+00
  2.4051E+00  5.4394E-06  7.4199E-07  4.4896E+00  7.0412E-11  6.5157E-15  4.4767E+00
  2.4151E+00  6.5290E-06  5.5463E-07  4.5046E+00  7.9343E-11 -2.5078E-16  4.4891E+00
  2.4251E+00  6.6465E-06  5.1793E-07  4.5059E+00  9.2990E-11  9.1681E-16  4.4878E+00
  2.4264E+00  6.5043E-06  5.1408E-07  4.5060E+00  9.4616E-11  7.1717E-16  4.4876E+00
  2.4351E+00  5.8381E-06  5.3163E-07  4.5068E+00  9.3125E-11 -4.2968E-16  4.4886E+00
  2.4451E+00  6.2088E-06  5.3021E-07  4.5078E+00  8.8762E-11  1.6772E-15  4.4905E+00
  2.4552E+00  6.7010E-06  5.1684E-07  4.5105E+00  1.0125E-10  4.7611E-15  4.4908E+00
  2.4597E+00  6.3864E-06  4.9099E-07  4.5112E+00  1.0990E-10  4.8580E-15  4.4898E+00
  2.4652E+00  5.8272E-06  4.9835E-07  4.5116E+00  1.1146E-10  2.7490E-15  4.4898E+00
  2.4752E+00  5.9522E-06  5.0751E-07  4.5118E+00  1.0303E-10  4.7833E-15  4.4917E+00
  2.4852E+00  6.5599E-06  5.0471E-07  4.5129E+00  1.1061E-10  9.0514E-15  4.4914E+00
  2.4931E+00  6.3493E-06  4.6602E-07  4.5149E+00  1.2929E-10  1.2308E-14  4.4899E+00
  2.4952E+00  6.1048E-06  4.5988E-07  4.5142E+00  1.3164E-10  1.0061E-14  4.4886E+00
  2.5053E+00  5.7949E-06  4.7889E-07  4.5153E+00  1.2265E-10  1.0654E-14  4.4915E+00
  2.5153E+00  6.6781E-06  2.6028E-07  4.4876E+00  1.2331E-10  1.0578E-14  4.4638E+00
  2.5253E+00  6.7511E-06  2.2501E-07  4.4890E+00  1.5134E-10  1.8772E-14  4.4600E+00
  2.5264E+00  6.6428E-06  2.2212E-07  4.4892E+00  1.5414E-10  1.8833E-14  4.4597E+00
  2.5353E+00  6.0490E-06  2.3726E-07  4.4899E+00  1.5013E-10  1.4920E-14  4.4611E+00
  2.5454E+00  6.3942E-06  2.3445E-07  4.4906E+00  1.4141E-10  1.9395E-14  4.4635E+00
  2.5554E+00  6.8224E-06  2.1878E-07  4.4926E+00  1.6835E-10  3.4817E-14  4.4606E+00
  2.5597E+00  6.5425E-06  1.9611E-07  4.4931E+00  1.8631E-10  3.9891E-14  4.4578E+00
  2.5654E+00  6.0309E-06  2.0266E-07  4.4935E+00  1.8899E-10  3.3621E-14  4.4576E+00
  2.5754E+00  6.1692E-06  2.1458E-07  4.4903E+00  1.6991E-10  3.5513E-14  4.4581E+00
  2.5854E+00  6.7165E-06  2.1490E-07  4.4876E+00  1.8697E-10  5.4570E-14  4.4525E+00
  2.5931E+00  6.5167E-06  1.7912E-07  4.4893E+00  2.2884E-10  8.0767E-14  4.4468E+00
  2.5955E+00  6.2757E-06  1.7366E-07  4.4885E+00  2.3432E-10  7.4037E-14  4.4449E+00
  2.6055E+00  6.0291E-06  1.8922E-07  4.4895E+00  2.1184E-10  6.8805E-14  4.4499E+00
  2.6155E+00  6.7140E-06  1.2784E-08  4.4478E+00  2.0246E-10  9.9601E-14  4.4120E+00
  2.6255E+00  6.7500E-06 -2.0959E-08  4.4492E+00  2.6662E-10  1.8341E-13  4.4034E+00
  2.6264E+00  6.6708E-06 -2.3117E-08  4.4494E+00  2.7191E-10  1.8822E-13  4.4027E+00
  2.6355E+00  6.1428E-06 -1.0256E-08  4.4501E+00  2.6031E-10  1.6093E-13  4.4050E+00
  2.6456E+00  6.4633E-06 -1.3980E-08  4.4507E+00  2.4075E-10  1.6512E-13  4.4092E+00
  2.6556E+00  6.8341E-06 -3.0869E-08  4.4520E+00  3.0602E-10  3.0537E-13  4.4016E+00
  2.6597E+00  6.5865E-06 -5.0623E-08  4.4523E+00  3.4953E-10  3.8243E-13  4.3959E+00
  2.6656E+00  6.1200E-06 -4.4926E-08  4.4528E+00  3.5488E-10  3.5192E-13  4.3948E+00
  2.6756E+00  6.2709E-06 -2.8916E-08  4.4490E+00  3.0441E-10  3.1091E-13  4.3994E+00
  2.6856E+00  6.7666E-06 -2.3559E-08  4.4454E+00  3.4791E-10  4.8267E-13  4.3922E+00
  2.6931E+00  6.5784E-06 -5.6448E-08  4.4467E+00  4.6358E-10  8.1633E-13  4.3826E+00
  2.6957E+00  6.3435E-06 -6.1153E-08  4.4460E+00  4.8130E-10  7.9136E-13  4.3786E+00
  2.7057E+00  6.1506E-06 -4.8897E-08  4.4470E+00  4.0902E-10  6.5612E-13  4.3880E+00
  2.7157E+00  6.6753E-06 -1.5385E-07  4.4204E+00  3.9161E-10  9.0636E-13  4.3750E+00
  2.7257E+00  6.6809E-06 -1.8644E-07  4.4219E+00  6.3575E-10  1.8473E-12  4.3749E+00
  2.7264E+00  6.6264E-06 -1.8801E-07  4.4221E+00  6.5559E-10  1.8865E-12  4.3738E+00
  2.7358E+00  6.1581E-06 -1.7744E-07  4.4230E+00  5.8993E-10  1.6214E-12  4.3736E+00
  2.7458E+00  6.4550E-06 -1.8204E-07  4.4238E+00  5.1231E-10  1.5745E-12  4.3847E+00
  2.7558E+00  6.7746E-06 -1.9944E-07  4.4248E+00  9.1169E-10  2.6655E-12  4.3839E+00
  2.7597E+00  6.5568E-06 -2.1657E-07  4.4251E+00  1.3031E-09  2.7493E-12  4.3376E+00
  2.7658E+00  6.1329E-06 -2.1174E-07  4.4256E+00  1.2964E-09  2.5971E-12  4.3316E+00
  2.7758E+00  6.2950E-06 -1.9359E-07  4.4243E+00  8.8043E-10  2.6825E-12  4.3923E+00
  2.7859E+00  6.7467E-06 -1.8449E-07  4.4226E+00  1.4516E-09  2.9879E-12  4.3402E+00
  2.7931E+00  6.5706E-06 -2.1460E-07  4.4239E+00  3.3455E-09  3.3521E-13  4.1376E+00
  2.7959E+00  6.3439E-06 -2.1856E-07  4.4235E+00  3.4651E-09  9.5050E-14  4.1408E+00
  2.8059E+00  6.1963E-06 -2.0958E-07  4.4248E+00  2.3332E-09  1.9993E-12  4.2111E+00
  2.8159E+00  6.6120E-06 -2.5508E-07  4.4147E+00  2.9707E-09  1.0252E-12  4.1551E+00
  2.8259E+00  6.5928E-06 -2.8682E-07  4.4164E+00  5.3440E-09  6.9043E-13  4.2930E+00
  2.8264E+00  6.5590E-06 -2.8788E-07  4.4165E+00  5.3718E-09  8.6942E-13  4.2974E+00
  2.8360E+00  6.1449E-06 -2.7960E-07  4.4176E+00  5.1187E-09 -5.3703E-13  4.2843E+00
  2.8460E+00  6.4192E-06 -2.8529E-07  4.4187E+00  4.8329E-09 -1.1099E-12  4.2693E+00
  2.8560E+00  6.6934E-06 -3.0272E-07  4.4199E+00  5.2572E-09  2.7877E-12  4.3442E+00
  2.8597E+00  6.5030E-06 -3.1745E-07  4.4201E+00  4.5705E-09  2.0655E-12  4.2512E+00
  2.8660E+00  6.1192E-06 -3.1359E-07  4.4208E+00  4.6477E-09  2.0231E-12  4.2618E+00
  2.8760E+00  6.2900E-06 -2.9716E-07  4.4224E+00  5.2671E-09  2.8531E-12  4.3594E+00
  2.8861E+00  6.7031E-06 -2.8788E-07  4.4237E+00  4.0935E-09  1.8584E-12  4.2258E+00
  2.8931E+00  6.5397E-06 -3.1538E-07  4.4249E+00  2.3603E-09  4.1184E-13  4.1793E+00
  2.8961E+00  6.3228E-06 -3.1873E-07  4.4248E+00  2.2932E-09  3.3668E-13  4.1825E+00
  2.9061E+00  6.2130E-06 -3.1309E-07  4.4265E+00  3.0918E-09  9.5260E-13  4.1792E+00
  2.9161E+00  6.5630E-06 -3.2806E-07  4.4249E+00  2.4839E-09  5.7442E-13  4.1836E+00
  2.9262E+00  6.5240E-06 -3.5903E-07  4.4267E+00  1.1621E-09 -6.3679E-14  4.2664E+00
  2.9264E+00  6.5074E-06 -3.5961E-07  4.4268E+00  1.1503E-09 -6.6840E-14  4.2676E+00
  2.9362E+00  6.1426E-06 -3.5373E-07  4.4282E+00  1.3539E-09 -5.8505E-15  4.2502E+00
  2.9462E+00  6.3946E-06 -3.6210E-07  4.4303E+00  1.4974E-09  7.6864E-14  4.2407E+00
  2.9562E+00  6.6289E-06 -3.7975E-07  4.4319E+00  8.1445E-10 -1.0799E-13  4.3113E+00
  2.9597E+00  6.4637E-06 -3.9237E-07  4.4321E+00  6.8209E-10 -1.2120E-13  4.3283E+00
  2.9662E+00  6.1176E-06 -3.8960E-07  4.4330E+00  7.0720E-10 -1.1957E-13  4.3261E+00
  2.9763E+00  6.2928E-06 -3.8018E-07  4.4371E+00  8.5686E-10 -9.5989E-14  4.3118E+00
  2.9863E+00  6.6697E-06 -3.7640E-07  4.4413E+00  6.1078E-10 -1.2038E-13  4.3467E+00
  2.9931E+00  6.5193E-06 -4.0163E-07  4.4426E+00  4.3486E-10 -1.1634E-13  4.3726E+00
  2.9963E+00  6.3137E-06 -4.0454E-07  4.4429E+00  4.3216E-10 -1.1513E-13  4.3733E+00
  3.0063E+00  6.2354E-06 -4.0195E-07  4.4447E+00  5.1424E-10 -1.1750E-13  4.3637E+00
  3.0163E+00  6.5448E-06 -4.0802E-07  4.4464E+00  4.4239E-10 -1.1394E-13  4.3757E+00
  3.0264E+00  6.4905E-06 -4.3832E-07  4.4485E+00  2.8704E-10 -9.4133E-14  4.4010E+00
  3.0364E+00  6.1681E-06 -4.3483E-07  4.4506E+00  3.0768E-10 -9.6936E-14  4.4000E+00
  3.0464E+00  6.3974E-06 -4.4812E-07  4.4544E+00  3.2029E-10 -1.0036E-13  4.4019E+00
  3.0564E+00  6.5968E-06 -4.6656E-07  4.4568E+00  2.2263E-10 -8.1814E-14  4.4194E+00
  3.0597E+00  6.4547E-06 -4.7742E-07  4.4572E+00  2.0197E-10 -7.5853E-14  4.4232E+00
  3.0664E+00  6.1442E-06 -4.7599E-07  4.4584E+00  2.0876E-10 -7.6023E-14  4.4233E+00
  3.0765E+00  6.3177E-06 -4.7758E-07  4.4643E+00  2.3130E-10 -8.3746E-14  4.4254E+00
  3.0865E+00  6.6585E-06 -4.8409E-07  4.4703E+00  1.8514E-10 -7.4058E-14  4.4387E+00
  3.0931E+00  6.5212E-06 -5.0771E-07  4.4717E+00  1.5047E-10 -6.2722E-14  4.4458E+00
  3.0965E+00  6.3280E-06 -5.1065E-07  4.4721E+00  1.5105E-10 -6.1552E-14  4.4461E+00
  3.1065E+00  6.2756E-06 -5.1154E-07  4.4740E+00  1.6806E-10 -6.7772E-14  4.4453E+00
  3.1166E+00  6.5549E-06 -5.1818E-07  4.4763E+00  1.5033E-10 -6.3426E-14  4.4505E+00
  3.1264E+00  6.4979E-06 -5.4769E-07  4.4786E+00  1.1293E-10 -4.9961E-14  4.4590E+00
  3.1266E+00  6.4890E-06 -5.4806E-07  4.4786E+00  1.1587E-10 -5.0351E-14  4.4586E+00
  3.1366E+00  6.2192E-06 -5.4793E-07  4.4808E+00  1.2203E-10 -5.2532E-14  4.4598E+00
  3.1466E+00  6.4262E-06 -5.6353E-07  4.4837E+00  1.2422E-10 -5.3799E-14  4.4623E+00
  3.1566E+00  6.5950E-06 -5.8345E-07  4.4863E+00  9.5519E-11 -4.3651E-14  4.4698E+00
  3.1597E+00  6.4738E-06 -5.9289E-07  4.4868E+00  8.9680E-11 -4.0911E-14  4.4713E+00
  3.1667E+00  6.1967E-06 -5.9297E-07  4.4883E+00  9.2615E-11 -4.1064E-14  4.4723E+00
  3.1767E+00  6.3627E-06 -6.0452E-07  4.4934E+00  9.8425E-11 -4.4651E-14  4.4764E+00
  3.1867E+00  6.6668E-06 -6.2066E-07  4.4990E+00  8.2599E-11 -3.9415E-14  4.4845E+00
  3.1931E+00  6.5426E-06 -6.4256E-07  4.5006E+00  7.1294E-11 -3.4213E-14  4.4881E+00
  3.1967E+00  6.3626E-06 -6.4561E-07  4.5013E+00  7.1999E-11 -3.3618E-14  4.4887E+00
  3.2067E+00  6.3317E-06 -6.4898E-07  4.5036E+00  7.7506E-11 -3.6698E-14  4.4901E+00
  3.2168E+00  6.5849E-06 -6.5763E-07  4.5061E+00  7.0428E-11 -3.4561E-14  4.4939E+00
  3.2264E+00  6.5294E-06 -6.8594E-07  4.5087E+00  5.6810E-11 -2.8247E-14  4.4988E+00
  3.2268E+00  6.5116E-06 -6.8677E-07  4.5088E+00  5.8103E-11 -2.8350E-14  4.4986E+00
  3.2368E+00  6.2878E-06 -6.8917E-07  4.5112E+00  6.0566E-11 -2.9533E-14  4.5006E+00
  3.2468E+00  6.4798E-06 -6.9454E-07  4.5084E+00  6.1316E-11 -2.9336E-14  4.4979E+00
  3.2568E+00  6.6833E-06 -7.1433E-07  4.5112E+00  5.0696E-11 -2.4923E-14  4.5025E+00
  3.2669E+00  6.4696E-06 -7.3169E-07  4.5136E+00  4.4902E-11 -2.1408E-14  4.5060E+00
  3.2769E+00  6.4232E-06 -7.4289E-07  4.5162E+00  4.4622E-11 -2.1078E-14  4.5086E+00
  3.2969E+00  6.4518E-06 -7.7118E-07  4.5214E+00  4.4725E-11 -2.0863E-14  4.5138E+00
