  0.0000E+00  5.4140E-08  1.5186E-06  2.4563E-01  1.1870E+03  1.2500E-01  4.4024E-03
  1.5981E-02  7.0000E-02  9.8827E-07  2.5795E-01  2.7598E+00  2.4086E-01  2.7494E+00
  2.0054E-02  8.3984E-02  7.0481E-05  2.7946E-01  7.8533E+00  2.1133E+00  7.6513E+00
  2.9997E-02  1.1801E-01  5.7101E-04  3.9418E-01  1.4085E+01  3.8276E+00  1.3908E+01
  4.0084E-02  1.5251E-01  1.2114E-03  5.1861E-01  9.0318E+00  4.0642E+00  8.8798E+00
  5.0106E-02  1.8651E-01  1.6918E-03  5.7042E-01  2.5401E+00  3.9874E+00  2.2905E+00
  6.0128E-02  2.2025E-01  2.0159E-03  5.8836E-01  2.1974E+00  3.8797E+00  2.0553E+00
  7.0140E-02  2.5384E-01  2.3602E-03  6.2337E-01  5.0813E+00  3.8010E+00  5.0435E+00
  8.0168E-02  2.8746E-01  2.8050E-03  6.8534E-01  6.8354E+00  3.7264E+00  6.8144E+00
  9.0189E-02  3.2105E-01  3.2820E-03  7.5285E-01  6.4895E+00  3.6597E+00  6.4717E+00
  1.0021E-01  3.5464E-01  3.7235E-03  8.1315E-01  5.6737E+00  3.6172E+00  5.6566E+00
  1.1023E-01  3.8824E-01  4.1022E-03  8.6505E-01  4.8781E+00  3.5866E+00  4.8609E+00
  1.2025E-01  4.2183E-01  4.4017E-03  9.0853E-01  4.0774E+00  3.5816E+00  4.0588E+00
  1.3027E-01  4.5542E-01  4.6148E-03  9.4387E-01  3.3246E+00  3.5997E+00  3.3031E+00
  1.4022E-01  4.8877E-01  4.7459E-03  9.7179E-01  2.6802E+00  3.6262E+00  2.6547E+00
  1.5032E-01  5.2261E-01  4.8110E-03  9.9419E-01  2.1625E+00  3.6585E+00  2.1317E+00
  1.6034E-01  5.5620E-01  4.8267E-03  1.0120E+00  1.7910E+00  3.6853E+00  1.7545E+00
  1.7036E-01  5.8979E-01  4.8118E-03  1.0269E+00  1.5419E+00  3.7115E+00  1.5000E+00
  1.8038E-01  6.2338E-01  4.7810E-03  1.0400E+00  1.3896E+00  3.7304E+00  1.3436E+00
  1.9040E-01  6.5697E-01  4.7440E-03  1.0521E+00  1.3060E+00  3.7403E+00  1.2579E+00
  2.0042E-01  6.9056E-01  4.7064E-03  1.0638E+00  1.2661E+00  3.7476E+00  1.2173E+00
  2.1044E-01  7.2415E-01  4.6706E-03  1.0753E+00  1.2541E+00  3.7535E+00  1.2058E+00
  2.2046E-01  7.5774E-01  4.6374E-03  1.0870E+00  1.2583E+00  3.7609E+00  1.2110E+00
  2.3048E-01  7.9133E-01  4.6065E-03  1.0988E+00  1.2716E+00  3.7686E+00  1.2256E+00
  2.4051E-01  8.2492E-01  4.5775E-03  1.1109E+00  1.2905E+00  3.7776E+00  1.2460E+00
  2.5053E-01  8.5851E-01  4.5496E-03  1.1232E+00  1.3123E+00  3.7863E+00  1.2693E+00
  2.6055E-01  8.9210E-01  4.5224E-03  1.1359E+00  1.3356E+00  3.7962E+00  1.2941E+00
  2.7057E-01  9.2569E-01  4.4953E-03  1.1488E+00  1.3591E+00  3.8077E+00  1.3190E+00
  2.8059E-01  9.5928E-01  4.4680E-03  1.1620E+00  1.3830E+00  3.8208E+00  1.3443E+00
  2.9061E-01  9.9287E-01  4.4403E-03  1.1754E+00  1.4068E+00  3.8348E+00  1.3694E+00
  3.0063E-01  1.0265E+00  4.4119E-03  1.1891E+00  1.4302E+00  3.8501E+00  1.3939E+00
  3.1065E-01  1.0601E+00  4.3828E-03  1.2031E+00  1.4531E+00  3.8664E+00  1.4179E+00
  3.2067E-01  1.0936E+00  4.3528E-03  1.2173E+00  1.4754E+00  3.8836E+00  1.4413E+00
  3.3070E-01  1.1272E+00  4.3219E-03  1.2318E+00  1.4971E+00  3.9019E+00  1.4640E+00
  3.4072E-01  1.1608E+00  4.2901E-03  1.2465E+00  1.5183E+00  3.9207E+00  1.4861E+00
  3.5074E-01  1.1944E+00  4.2573E-03  1.2614E+00  1.5389E+00  3.9395E+00  1.5077E+00
  3.6076E-01  1.2280E+00  4.2235E-03  1.2765E+00  1.5589E+00  3.9586E+00  1.5285E+00
  3.7078E-01  1.2616E+00  4.1888E-03  1.2918E+00  1.5783E+00  3.9783E+00  1.5487E+00
  3.8080E-01  1.2952E+00  4.1531E-03  1.3074E+00  1.5972E+00  3.9981E+00  1.5684E+00
  3.9082E-01  1.3288E+00  4.1164E-03  1.3231E+00  1.6155E+00  4.0180E+00  1.5874E+00
  4.0084E-01  1.3624E+00  4.0788E-03  1.3390E+00  1.6333E+00  4.0378E+00  1.6059E+00
  4.1086E-01  1.3960E+00  4.0403E-03  1.3551E+00  1.6506E+00  4.0576E+00  1.6239E+00
  4.2088E-01  1.4295E+00  4.0010E-03  1.3714E+00  1.6673E+00  4.0772E+00  1.6413E+00
  4.3091E-01  1.4631E+00  3.9610E-03  1.3878E+00  1.6836E+00  4.0966E+00  1.6582E+00
  4.4093E-01  1.4967E+00  3.9201E-03  1.4045E+00  1.6994E+00  4.1159E+00  1.6746E+00
  4.5095E-01  1.5303E+00  3.8785E-03  1.4212E+00  1.7148E+00  4.1344E+00  1.6905E+00
  4.6097E-01  1.5639E+00  3.8366E-03  1.4382E+00  1.7293E+00  4.1526E+00  1.7056E+00
  4.7099E-01  1.5975E+00  3.7938E-03  1.4553E+00  1.7438E+00  4.1716E+00  1.7207E+00
  4.8099E-01  1.6310E+00  3.7504E-03  1.4725E+00  1.7579E+00  4.1902E+00  1.7353E+00
  4.9103E-01  1.6647E+00  3.7062E-03  1.4899E+00  1.7715E+00  4.2085E+00  1.7494E+00
  5.0105E-01  1.6983E+00  3.6613E-03  1.5075E+00  1.7849E+00  4.2265E+00  1.7633E+00
  5.1107E-01  1.7319E+00  3.6158E-03  1.5251E+00  1.7979E+00  4.2445E+00  1.7767E+00
  5.2110E-01  1.7654E+00  3.5698E-03  1.5429E+00  1.8104E+00  4.2623E+00  1.7897E+00
  5.3112E-01  1.7990E+00  3.5231E-03  1.5609E+00  1.8227E+00  4.2802E+00  1.8025E+00
  5.4114E-01  1.8326E+00  3.4760E-03  1.5789E+00  1.8347E+00  4.2976E+00  1.8148E+00
  5.5116E-01  1.8662E+00  3.4283E-03  1.5971E+00  1.8463E+00  4.3147E+00  1.8269E+00
  5.6118E-01  1.8998E+00  3.3802E-03  1.6154E+00  1.8575E+00  4.3312E+00  1.8386E+00
  5.7120E-01  1.9334E+00  3.3316E-03  1.6338E+00  1.8686E+00  4.3476E+00  1.8500E+00
  5.8122E-01  1.9670E+00  3.2825E-03  1.6523E+00  1.8793E+00  4.3635E+00  1.8611E+00
  5.9124E-01  2.0006E+00  3.2330E-03  1.6710E+00  1.8898E+00  4.3793E+00  1.8720E+00
  6.0126E-01  2.0342E+00  3.1832E-03  1.6897E+00  1.9000E+00  4.3946E+00  1.8825E+00
  6.1128E-01  2.0678E+00  3.1329E-03  1.7086E+00  1.9099E+00  4.4099E+00  1.8928E+00
  6.2131E-01  2.1013E+00  3.0823E-03  1.7275E+00  1.9196E+00  4.4250E+00  1.9029E+00
  6.3133E-01  2.1349E+00  3.0313E-03  1.7465E+00  1.9291E+00  4.4399E+00  1.9127E+00
  6.4135E-01  2.1685E+00  2.9800E-03  1.7657E+00  1.9383E+00  4.4545E+00  1.9222E+00
  6.5137E-01  2.2021E+00  2.9284E-03  1.7849E+00  1.9473E+00  4.4689E+00  1.9315E+00
  6.6139E-01  2.2357E+00  2.8764E-03  1.8043E+00  1.9560E+00  4.4831E+00  1.9406E+00
  6.7141E-01  2.2693E+00  2.8242E-03  1.8237E+00  1.9646E+00  4.4971E+00  1.9494E+00
  6.8142E-01  2.3029E+00  2.7717E-03  1.8432E+00  1.9729E+00  4.5107E+00  1.9581E+00
  6.9145E-01  2.3365E+00  2.7189E-03  1.8628E+00  1.9811E+00  4.5241E+00  1.9665E+00
  7.0147E-01  2.3701E+00  2.6659E-03  1.8824E+00  1.9890E+00  4.5374E+00  1.9747E+00
  7.1150E-01  2.4037E+00  2.6127E-03  1.9022E+00  1.9968E+00  4.5504E+00  1.9828E+00
  7.2152E-01  2.4373E+00  2.5592E-03  1.9220E+00  2.0045E+00  4.5632E+00  1.9907E+00
  7.3154E-01  2.4708E+00  2.5056E-03  1.9419E+00  2.0119E+00  4.5759E+00  1.9984E+00
  7.4156E-01  2.5044E+00  2.4517E-03  1.9619E+00  2.0192E+00  4.5882E+00  2.0059E+00
  7.5158E-01  2.5380E+00  2.3976E-03  1.9820E+00  2.0263E+00  4.6006E+00  2.0132E+00
  7.6160E-01  2.5716E+00  2.3433E-03  2.0021E+00  2.0332E+00  4.6127E+00  2.0204E+00
  7.7162E-01  2.6052E+00  2.2889E-03  2.0223E+00  2.0400E+00  4.6247E+00  2.0275E+00
  7.8164E-01  2.6388E+00  2.2342E-03  2.0426E+00  2.0466E+00  4.6366E+00  2.0343E+00
  7.9166E-01  2.6724E+00  2.1795E-03  2.0630E+00  2.0531E+00  4.6485E+00  2.0410E+00
  8.0169E-01  2.7060E+00  2.1245E-03  2.0834E+00  2.0595E+00  4.6600E+00  2.0476E+00
  8.1171E-01  2.7396E+00  2.0694E-03  2.1038E+00  2.0657E+00  4.6715E+00  2.0540E+00
  8.2173E-01  2.7732E+00  2.0142E-03  2.1244E+00  2.0718E+00  4.6829E+00  2.0603E+00
  8.3175E-01  2.8067E+00  1.9588E-03  2.1450E+00  2.0777E+00  4.6942E+00  2.0665E+00
  8.4177E-01  2.8403E+00  1.9033E-03  2.1657E+00  2.0836E+00  4.7051E+00  2.0725E+00
  8.5179E-01  2.8739E+00  1.8476E-03  2.1864E+00  2.0893E+00  4.7161E+00  2.0784E+00
  8.6181E-01  2.9075E+00  1.7918E-03  2.2072E+00  2.0949E+00  4.7270E+00  2.0842E+00
  8.7183E-01  2.9411E+00  1.7359E-03  2.2280E+00  2.1004E+00  4.7378E+00  2.0899E+00
  8.8185E-01  2.9747E+00  1.6799E-03  2.2489E+00  2.1058E+00  4.7485E+00  2.0954E+00
  8.9187E-01  3.0083E+00  1.6238E-03  2.2698E+00  2.1110E+00  4.7591E+00  2.1008E+00
  8.9405E-01  3.0156E+00  1.6116E-03  2.2744E+00  2.1121E+00  4.7613E+00  2.1020E+00
  9.0190E-01  3.0419E+00  1.5675E-03  2.2908E+00  2.1162E+00  4.7694E+00  2.1061E+00
  9.1192E-01  3.0755E+00  1.5112E-03  2.3119E+00  2.1212E+00  4.7799E+00  2.1114E+00
  9.2194E-01  3.1091E+00  1.4547E-03  2.3330E+00  2.1262E+00  4.7900E+00  2.1165E+00
  9.3196E-01  3.1427E+00  1.3981E-03  2.3542E+00  2.1311E+00  4.8001E+00  2.1215E+00
  9.4198E-01  3.1762E+00  1.3414E-03  2.3754E+00  2.1358E+00  4.8101E+00  2.1264E+00
  9.5200E-01  3.2098E+00  1.2847E-03  2.3966E+00  2.1405E+00  4.8200E+00  2.1313E+00
  9.6202E-01  3.2434E+00  1.2278E-03  2.4179E+00  2.1451E+00  4.8300E+00  2.1360E+00
  9.7204E-01  3.2770E+00  1.1708E-03  2.4393E+00  2.1496E+00  4.8399E+00  2.1407E+00
  9.8030E-01  3.3047E+00  1.1238E-03  2.4569E+00  2.1532E+00  4.8480E+00  2.1444E+00
  9.8206E-01  3.3106E+00  1.1138E-03  2.4607E+00  2.1540E+00  4.8497E+00  2.1452E+00
  9.9208E-01  3.3442E+00  1.0566E-03  2.4821E+00  2.1583E+00  4.8595E+00  2.1497E+00
  1.0021E+00  3.3778E+00  9.9943E-04  2.5036E+00  2.1626E+00  4.8695E+00  2.1541E+00
  1.0121E+00  3.4114E+00  9.4213E-04  2.5251E+00  2.1668E+00  4.8795E+00  2.1584E+00
  1.0221E+00  3.4450E+00  8.8476E-04  2.5467E+00  2.1709E+00  4.8897E+00  2.1626E+00
  1.0322E+00  3.4786E+00  8.2733E-04  2.5683E+00  2.1750E+00  4.8993E+00  2.1668E+00
  1.0422E+00  3.5121E+00  7.6982E-04  2.5900E+00  2.1789E+00  4.9090E+00  2.1709E+00
  1.0522E+00  3.5457E+00  7.1226E-04  2.6117E+00  2.1828E+00  4.9188E+00  2.1749E+00
  1.0622E+00  3.5793E+00  6.5464E-04  2.6334E+00  2.1867E+00  4.9288E+00  2.1788E+00
  1.0723E+00  3.6129E+00  5.9696E-04  2.6552E+00  2.1904E+00  4.9388E+00  2.1827E+00
  1.0823E+00  3.6465E+00  5.3924E-04  2.6770E+00  2.1941E+00  4.9484E+00  2.1865E+00
  1.0923E+00  3.6801E+00  4.8146E-04  2.6989E+00  2.1978E+00  4.9581E+00  2.1903E+00
  1.1023E+00  3.7137E+00  4.2365E-04  2.7207E+00  2.2013E+00  4.9678E+00  2.1939E+00
  1.1123E+00  3.7473E+00  3.6579E-04  2.7427E+00  2.2049E+00  4.9777E+00  2.1976E+00
  1.1224E+00  3.7809E+00  3.0790E-04  2.7646E+00  2.2083E+00  4.9877E+00  2.2011E+00
  1.1324E+00  3.8145E+00  2.4998E-04  2.7866E+00  2.2117E+00  4.9971E+00  2.2046E+00
  1.1424E+00  3.8480E+00  1.9204E-04  2.8086E+00  2.2150E+00  5.0067E+00  2.2080E+00
  1.1524E+00  3.8816E+00  1.3408E-04  2.8307E+00  2.2183E+00  5.0163E+00  2.2114E+00
  1.1624E+00  3.9152E+00  7.6108E-05  2.8528E+00  2.2215E+00  5.0260E+00  2.2147E+00
  1.1725E+00  3.9488E+00  1.8141E-05  2.8749E+00  2.2247E+00  5.0359E+00  2.2180E+00
  1.1825E+00  3.9824E+00 -3.9814E-05  2.8971E+00  2.2278E+00  5.0453E+00  2.2212E+00
  1.1925E+00  4.0160E+00 -9.7741E-05  2.9193E+00  2.2309E+00  5.0548E+00  2.2243E+00
  1.2025E+00  4.0496E+00 -1.5564E-04  2.9416E+00  2.2768E+00  5.1100E+00  2.2703E+00
  1.2125E+00  4.0832E+00 -2.1363E-04  2.9649E+00  2.4303E+00  5.3319E+00  2.4238E+00
  1.2226E+00  4.1168E+00 -2.7187E-04  2.9898E+00  2.3928E+00  5.2447E+00  2.3865E+00
  1.2326E+00  4.1504E+00 -3.2834E-04  3.0034E+00  2.3671E-01  4.2546E+00 -1.9125E-01
  1.2426E+00  4.1840E+00 -3.8247E-04  2.9839E+00  3.2405E+00  5.5251E+00 -3.2356E+00
  1.2526E+00  4.2175E+00 -4.3159E-04  2.9533E+00  2.1818E+00  8.9657E+00 -2.1637E+00
  1.2597E+00  4.2413E+00 -4.6735E-04  2.9452E+00  3.7052E-01  7.9563E+00 -2.7707E-01
  1.2627E+00  4.2511E+00 -4.8162E-04  2.9447E+00  2.5984E-01  6.4423E+00 -1.6781E-01
  1.2727E+00  4.2847E+00 -5.2656E-04  2.9333E+00  2.3618E+00  5.4236E+00 -2.3561E+00
  1.2827E+00  4.3182E+00 -5.7003E-04  2.9049E+00  2.6691E+00  7.8399E+00 -2.6591E+00
  1.2927E+00  4.3518E+00 -6.1674E-04  2.8903E+00  3.6467E-01  8.2096E+00 -2.7590E-01
  1.2931E+00  4.3529E+00 -6.1839E-04  2.8902E+00  3.2832E-01  8.0419E+00 -2.3083E-01
  1.3027E+00  4.3853E+00 -6.6031E-04  2.8848E+00  1.4324E+00  5.2661E+00 -1.4245E+00
  1.3128E+00  4.4188E+00 -6.9774E-04  2.8610E+00  2.8190E+00  6.6560E+00 -2.8128E+00
  1.3228E+00  4.4524E+00 -7.3527E-04  2.8403E+00  9.8049E-01  8.7760E+00 -9.5024E-01
  1.3264E+00  4.4645E+00 -7.4930E-04  2.8381E+00  3.6640E-01  7.4929E+00 -3.0345E-01
  1.3328E+00  4.4859E+00 -7.7221E-04  2.8356E+00  7.2629E-01  5.1797E+00 -7.1250E-01
  1.3428E+00  4.5194E+00 -8.0147E-04  2.8180E+00  2.5593E+00  6.3892E+00 -2.5536E+00
  1.3528E+00  4.5529E+00 -8.2632E-04  2.7940E+00  1.6885E+00  9.9173E+00 -1.6683E+00
  1.3597E+00  4.5760E+00 -8.4512E-04  2.7874E+00  4.0196E-01  8.8333E+00 -3.2994E-01
  1.3629E+00  4.5865E+00 -8.5341E-04  2.7864E+00  3.3856E-01  7.2860E+00 -2.8106E-01
  1.3729E+00  4.6200E+00 -8.7496E-04  2.7754E+00  1.9908E+00  6.4391E+00 -1.9840E+00
  1.3829E+00  4.6535E+00 -8.9319E-04  2.7519E+00  2.1517E+00  8.8189E+00 -2.1402E+00
  1.3929E+00  4.6870E+00 -9.1546E-04  2.7393E+00  4.1639E-01  8.9084E+00 -3.5317E-01
  1.3931E+00  4.6875E+00 -9.1579E-04  2.7393E+00  4.0508E-01  8.8441E+00 -3.4081E-01
  1.4029E+00  4.7205E+00 -9.3586E-04  2.7327E+00  1.3535E+00  6.1976E+00 -1.3449E+00
  1.4130E+00  4.7540E+00 -9.5044E-04  2.7118E+00  2.3763E+00  7.6781E+00 -2.3690E+00
  1.4230E+00  4.7875E+00 -9.6691E-04  2.6938E+00  9.2986E-01  9.5408E+00 -9.0180E-01
  1.4264E+00  4.7989E+00 -9.7350E-04  2.6914E+00  4.9538E-01  8.3487E+00 -4.5421E-01
  1.4330E+00  4.8210E+00 -9.8504E-04  2.6877E+00  8.4753E-01  6.0443E+00 -8.3550E-01
  1.4430E+00  4.8545E+00 -9.9734E-04  2.6710E+00  2.2550E+00  7.3397E+00 -2.2485E+00
  1.4531E+00  4.8880E+00 -1.0054E-03  2.6499E+00  1.5138E+00  1.0652E+01 -1.4940E+00
  1.4597E+00  4.9103E+00 -1.0137E-03  2.6434E+00  5.4214E-01  9.5527E+00 -4.9675E-01
  1.4631E+00  4.9214E+00 -1.0178E-03  2.6417E+00  5.1496E-01  7.9824E+00 -4.8210E-01
  1.4731E+00  4.9549E+00 -1.0263E-03  2.6302E+00  1.8558E+00  7.3015E+00 -1.8486E+00
  1.4831E+00  4.9884E+00 -1.0323E-03  2.6090E+00  1.9224E+00  9.6419E+00 -1.9105E+00
  1.4931E+00  5.0217E+00 -1.0429E-03  2.5970E+00  5.5415E-01  9.5416E+00 -5.1326E-01
  1.5032E+00  5.0554E+00 -1.0527E-03  2.5890E+00  1.3711E+00  7.0154E+00 -1.3627E+00
  1.5132E+00  5.0889E+00 -1.0577E-03  2.5696E+00  2.1407E+00  8.5288E+00 -2.1329E+00
  1.5232E+00  5.1223E+00 -1.0653E-03  2.5531E+00  9.5410E-01  1.0156E+01 -9.2948E-01
  1.5264E+00  5.1330E+00 -1.0688E-03  2.5506E+00  6.3577E-01  9.0664E+00 -6.0616E-01
  1.5332E+00  5.1558E+00 -1.0750E-03  2.5457E+00  9.6201E-01  6.7964E+00 -9.5131E-01
  1.5432E+00  5.1893E+00 -1.0797E-03  2.5296E+00  2.0648E+00  8.0417E+00 -2.0580E+00
  1.5533E+00  5.2228E+00 -1.0858E-03  2.5105E+00  1.4138E+00  1.0989E+01 -1.3956E+00
  1.5597E+00  5.2444E+00 -1.0924E-03  2.5041E+00  6.5789E-01  9.9106E+00 -6.2576E-01
  1.5633E+00  5.2562E+00 -1.0960E-03  2.5019E+00  6.5349E-01  8.3552E+00 -6.3076E-01
  1.5733E+00  5.2897E+00 -1.1026E-03  2.4900E+00  1.7538E+00  7.8329E+00 -1.7466E+00
  1.5833E+00  5.3232E+00 -1.1069E-03  2.4707E+00  1.7571E+00  1.0065E+01 -1.7455E+00
  1.5931E+00  5.3557E+00 -1.1153E-03  2.4592E+00  6.6051E-01  9.8695E+00 -6.3065E-01
  1.5933E+00  5.3566E+00 -1.1156E-03  2.4590E+00  6.4739E-01  9.7570E+00 -6.1761E-01
  1.6034E+00  5.3901E+00 -1.1233E-03  2.4503E+00  1.3635E+00  7.5232E+00 -1.3554E+00
  1.6134E+00  5.4236E+00 -1.1269E-03  2.4322E+00  1.9538E+00  9.0187E+00 -1.9458E+00
  1.6234E+00  5.4570E+00 -1.1333E-03  2.4169E+00  9.5952E-01  1.0414E+01 -9.3802E-01
  1.6264E+00  5.4670E+00 -1.1361E-03  2.4144E+00  7.2303E-01  9.4393E+00 -6.9954E-01
  1.6334E+00  5.4905E+00 -1.1415E-03  2.4089E+00  1.0221E+00  7.2632E+00 -1.0125E+00
  1.6435E+00  5.5240E+00 -1.1450E-03  2.3934E+00  1.9038E+00  8.3948E+00 -1.8971E+00
  1.6535E+00  5.5574E+00 -1.1493E-03  2.3760E+00  1.3261E+00  1.0924E+01 -1.3098E+00
  1.6597E+00  5.5783E+00 -1.1543E-03  2.3698E+00  7.2776E-01  9.8997E+00 -7.0334E-01
  1.6635E+00  5.5909E+00 -1.1573E-03  2.3671E+00  7.3876E-01  8.4008E+00 -7.2158E-01
  1.6735E+00  5.6243E+00 -1.1619E-03  2.3553E+00  1.6550E+00  8.0313E+00 -1.6481E+00
  1.6835E+00  5.6578E+00 -1.1646E-03  2.3375E+00  1.6175E+00  1.0103E+01 -1.6066E+00
  1.6931E+00  5.6896E+00 -1.1708E-03  2.3267E+00  7.2398E-01  9.8421E+00 -7.0084E-01
  1.6936E+00  5.6913E+00 -1.1712E-03  2.3263E+00  7.0635E-01  9.6599E+00 -6.8351E-01
  1.7036E+00  5.7247E+00 -1.1768E-03  2.3171E+00  1.3354E+00  7.7129E+00 -1.3279E+00
  1.7136E+00  5.7582E+00 -1.1787E-03  2.3003E+00  1.7948E+00  9.1863E+00 -1.7870E+00
  1.7236E+00  5.7916E+00 -1.1833E-03  2.2861E+00  9.4967E-01  1.0355E+01 -9.3104E-01
  1.7264E+00  5.8009E+00 -1.1853E-03  2.2837E+00  7.7238E-01  9.5047E+00 -7.5306E-01
  1.7336E+00  5.8251E+00 -1.1894E-03  2.2777E+00  1.0470E+00  7.4776E+00 -1.0383E+00
  1.7437E+00  5.8585E+00 -1.1912E-03  2.2629E+00  1.7633E+00  8.4589E+00 -1.7568E+00
  1.7537E+00  5.8920E+00 -1.1930E-03  2.2469E+00  1.2472E+00  1.0566E+01 -1.2330E+00
  1.7597E+00  5.9122E+00 -1.1962E-03  2.2410E+00  7.6752E-01  9.6150E+00 -7.4841E-01
  1.7637E+00  5.9254E+00 -1.1982E-03  2.2380E+00  7.8948E-01  8.2024E+00 -7.7604E-01
  1.7737E+00  5.9589E+00 -1.2001E-03  2.2263E+00  1.5618E+00  7.9680E+00 -1.5555E+00
  1.7837E+00  5.9923E+00 -1.2004E-03  2.2099E+00  1.4977E+00  9.8510E+00 -1.4878E+00
  1.7931E+00  6.0235E+00 -1.2040E-03  2.1997E+00  7.6032E-01  9.5466E+00 -7.4200E-01
  1.7938E+00  6.0258E+00 -1.2043E-03  2.1992E+00  7.4095E-01  9.3097E+00 -7.2307E-01
  1.8038E+00  6.0592E+00 -1.2071E-03  2.1898E+00  1.2971E+00  7.6496E+00 -1.2903E+00
  1.8138E+00  6.0927E+00 -1.2070E-03  2.1741E+00  1.6567E+00  9.1789E+00 -1.6492E+00
  1.8238E+00  6.1261E+00 -1.2099E-03  2.1608E+00  9.3087E-01  1.0137E+01 -9.1460E-01
  1.8264E+00  6.1347E+00 -1.2113E-03  2.1586E+00  7.9730E-01  9.4082E+00 -7.8092E-01
  1.8339E+00  6.1596E+00 -1.2140E-03  2.1523E+00  1.0500E+00  7.5548E+00 -1.0421E+00
  1.8439E+00  6.1930E+00 -1.2142E-03  2.1382E+00  1.6393E+00  8.4040E+00 -1.6331E+00
  1.8539E+00  6.2265E+00 -1.2158E-03  2.1234E+00  1.1764E+00  1.0147E+01 -1.1639E+00
  1.8597E+00  6.2460E+00 -1.2185E-03  2.1178E+00  7.8814E-01  9.2729E+00 -7.7255E-01
  1.8639E+00  6.2599E+00 -1.2203E-03  2.1146E+00  8.1795E-01  7.9597E+00 -8.0695E-01
  1.8739E+00  6.2934E+00 -1.2218E-03  2.1032E+00  1.4751E+00  7.8397E+00 -1.4692E+00
  1.8840E+00  6.3268E+00 -1.2219E-03  2.0879E+00  1.3935E+00  9.5326E+00 -1.3844E+00
  1.8931E+00  6.3572E+00 -1.2250E-03  2.0783E+00  7.7897E-01  9.2003E+00 -7.6390E-01
  1.8940E+00  6.3603E+00 -1.2254E-03  2.0776E+00  7.5956E-01  8.9220E+00 -7.4503E-01
  1.9040E+00  6.3937E+00 -1.2278E-03  2.0682E+00  1.2534E+00  7.5274E+00 -1.2472E+00
  1.9140E+00  6.4272E+00 -1.2279E-03  2.0535E+00  1.5340E+00  9.2644E+00 -1.5264E+00
  1.9240E+00  6.4606E+00 -1.2313E-03  2.0411E+00  9.0563E-01  1.0031E+01 -8.9063E-01
  1.9264E+00  6.4685E+00 -1.2325E-03  2.0391E+00  8.0483E-01  9.4159E+00 -7.8995E-01
  1.9341E+00  6.4941E+00 -1.2357E-03  2.0326E+00  1.0375E+00  7.7393E+00 -1.0298E+00
  1.9441E+00  6.5275E+00 -1.2365E-03  2.0192E+00  1.5269E+00  8.4947E+00 -1.5207E+00
  1.9541E+00  6.5610E+00 -1.2389E-03  2.0054E+00  1.1104E+00  9.9540E+00 -1.0986E+00
  1.9597E+00  6.5797E+00 -1.2419E-03  2.0002E+00  7.9387E-01  9.1540E+00 -7.7997E-01
  1.9641E+00  6.5944E+00 -1.2441E-03  1.9968E+00  8.2906E-01  7.9370E+00 -8.1910E-01
  1.9741E+00  6.6278E+00 -1.2465E-03  1.9857E+00  1.3916E+00  7.9098E+00 -1.3858E+00
  1.9842E+00  6.6613E+00 -1.2479E-03  1.9715E+00  1.2985E+00  9.4314E+00 -1.2896E+00
  1.9931E+00  6.6910E+00 -1.2520E-03  1.9626E+00  7.8221E-01  9.0804E+00 -7.6865E-01
  1.9942E+00  6.6947E+00 -1.2526E-03  1.9617E+00  7.6375E-01  8.7705E+00 -7.5080E-01
  2.0042E+00  6.7282E+00 -1.2565E-03  1.9525E+00  1.2029E+00  7.6045E+00 -1.1968E+00
  2.0142E+00  6.7616E+00 -1.2584E-03  1.9387E+00  1.4186E+00  9.6263E+00 -1.4104E+00
  2.0243E+00  6.7951E+00 -1.2637E-03  1.9271E+00  8.7075E-01  1.0226E+01 -8.5561E-01
  2.0264E+00  6.8022E+00 -1.2653E-03  1.9254E+00  7.9462E-01  9.7130E+00 -7.7964E-01
  2.0343E+00  6.8285E+00 -1.2704E-03  1.9188E+00  1.0081E+00  8.2055E+00 -9.9970E-01
  2.0443E+00  6.8619E+00 -1.2743E-03  1.9062E+00  1.4162E+00  8.9025E+00 -1.4093E+00
  2.0543E+00  6.8954E+00 -1.2801E-03  1.8935E+00  1.0394E+00  1.0152E+01 -1.0271E+00
  2.0597E+00  6.9135E+00 -1.2851E-03  1.8887E+00  7.7928E-01  9.4217E+00 -7.6519E-01
  2.0643E+00  6.9288E+00 -1.2894E-03  1.8852E+00  8.1734E-01  8.2942E+00 -8.0697E-01
  2.0744E+00  6.9623E+00 -1.2967E-03  1.8747E+00  1.2999E+00  8.3393E+00 -1.2934E+00
  2.0844E+00  6.9957E+00 -1.3038E-03  1.8615E+00  1.1984E+00  9.7093E+00 -1.1888E+00
  2.0931E+00  7.0247E+00 -1.3132E-03  1.8533E+00  7.6110E-01  9.3472E+00 -7.4715E-01
  2.0944E+00  7.0292E+00 -1.3148E-03  1.8523E+00  7.4401E-01  9.0133E+00 -7.3075E-01
  2.1044E+00  7.0626E+00 -1.3253E-03  1.8435E+00  1.1343E+00  8.0402E+00 -1.1274E+00
  2.1144E+00  7.0960E+00 -1.3340E-03  1.8307E+00  1.2966E+00  1.0230E+01 -1.2870E+00
  2.1245E+00  7.1295E+00 -1.3455E-03  1.8202E+00  8.1648E-01  1.0687E+01 -7.9974E-01
  2.1264E+00  7.1359E+00 -1.3481E-03  1.8187E+00  7.5919E-01  1.0264E+01 -7.4259E-01
  2.1345E+00  7.1629E+00 -1.3581E-03  1.8122E+00  9.5518E-01  8.9080E+00 -9.4531E-01
  2.1445E+00  7.1964E+00 -1.3678E-03  1.8006E+00  1.2982E+00  9.5662E+00 -1.2899E+00
  2.1545E+00  7.2298E+00 -1.3784E-03  1.7890E+00  9.5754E-01  1.0657E+01 -9.4359E-01
  2.1597E+00  7.2472E+00 -1.3853E-03  1.7847E+00  7.4361E-01  9.9920E+00 -7.2780E-01
  2.1645E+00  7.2632E+00 -1.3917E-03  1.7812E+00  7.8409E-01  8.9454E+00 -7.7211E-01
  2.1746E+00  7.2967E+00 -1.4023E-03  1.7713E+00  1.2019E+00  9.0453E+00 -1.1939E+00
  2.1846E+00  7.3301E+00 -1.4120E-03  1.7593E+00  1.0976E+00  1.0283E+01 -1.0865E+00
  2.1931E+00  7.3584E+00 -1.4227E-03  1.7518E+00  7.2705E-01  9.9189E+00 -7.1133E-01
  2.1946E+00  7.3635E+00 -1.4248E-03  1.7507E+00  7.1196E-01  9.5676E+00 -6.9703E-01
  2.2046E+00  7.3970E+00 -1.4365E-03  1.7423E+00  1.0618E+00  8.7568E+00 -1.0535E+00
  2.2147E+00  7.4304E+00 -1.4460E-03  1.7306E+00  1.1836E+00  1.0881E+01 -1.1721E+00
  2.2247E+00  7.4639E+00 -1.4582E-03  1.7209E+00  7.6245E-01  1.1221E+01 -7.4349E-01
  2.2264E+00  7.4696E+00 -1.4605E-03  1.7197E+00  7.1991E-01  1.0876E+01 -7.0103E-01
  2.2347E+00  7.4973E+00 -1.4712E-03  1.7135E+00  9.0146E-01  9.6519E+00 -8.8968E-01
  2.2447E+00  7.5307E+00 -1.4811E-03  1.7027E+00  1.1923E+00  1.0277E+01 -1.1823E+00
  2.2547E+00  7.5642E+00 -1.4918E-03  1.6920E+00  8.8434E-01  1.1237E+01 -8.6819E-01
  2.2597E+00  7.5808E+00 -1.4985E-03  1.6882E+00  7.0807E-01  1.0634E+01 -6.8995E-01
  2.2648E+00  7.5976E+00 -1.5052E-03  1.6847E+00  7.5044E-01  9.6603E+00 -7.3639E-01
  2.2748E+00  7.6310E+00 -1.5161E-03  1.6754E+00  1.1143E+00  9.8000E+00 -1.1047E+00
  2.2848E+00  7.6645E+00 -1.5262E-03  1.6644E+00  1.0096E+00  1.0920E+01 -9.9643E-01
  2.2931E+00  7.6921E+00 -1.5371E-03  1.6576E+00  6.9421E-01  1.0561E+01 -6.7618E-01
  2.2948E+00  7.6979E+00 -1.5396E-03  1.6564E+00  6.8131E-01  1.0198E+01 -6.6419E-01
  2.3048E+00  7.7314E+00 -1.5524E-03  1.6485E+00  9.9593E-01  9.5223E+00 -9.8581E-01
  2.3149E+00  7.7648E+00 -1.5632E-03  1.6377E+00  1.0856E+00  1.1405E+01 -1.0723E+00
  2.3249E+00  7.7982E+00 -1.5772E-03  1.6288E+00  7.1488E-01  1.1648E+01 -6.9377E-01
  2.3264E+00  7.8033E+00 -1.5796E-03  1.6278E+00  6.8369E-01  1.1370E+01 -6.6264E-01
  2.3349E+00  7.8317E+00 -1.5926E-03  1.6217E+00  8.5264E-01  1.0263E+01 -8.3901E-01
  2.3449E+00  7.8651E+00 -1.6057E-03  1.6117E+00  1.1008E+00  1.0853E+01 -1.0890E+00
  2.3550E+00  7.8985E+00 -1.6201E-03  1.6019E+00  8.2195E-01  1.1698E+01 -8.0367E-01
  2.3597E+00  7.9145E+00 -1.6284E-03  1.5984E+00  6.7660E-01  1.1153E+01 -6.5634E-01
  2.3650E+00  7.9320E+00 -1.6377E-03  1.5950E+00  7.2067E-01  1.0247E+01 -7.0468E-01
  2.3750E+00  7.9654E+00 -1.6531E-03  1.5862E+00  1.0399E+00  1.0415E+01 -1.0285E+00
  2.3850E+00  7.9988E+00 -1.6679E-03  1.5760E+00  9.3695E-01  1.1428E+01 -9.2181E-01
  2.3931E+00  8.0257E+00 -1.6823E-03  1.5698E+00  6.6810E-01  1.1079E+01 -6.4803E-01
  2.3950E+00  8.0323E+00 -1.6860E-03  1.5685E+00  6.5766E-01  1.0708E+01 -6.3862E-01
  2.4051E+00  8.0657E+00 -1.7033E-03  1.5609E+00  9.4254E-01  1.0149E+01 -9.3072E-01
  2.4151E+00  8.0992E+00 -1.7183E-03  1.5508E+00  1.0075E+00  1.1715E+01 -9.9285E-01
  2.4251E+00  8.1326E+00 -1.7358E-03  1.5426E+00  6.8069E-01  1.1878E+01 -6.5819E-01
  2.4264E+00  8.1369E+00 -1.7383E-03  1.5417E+00  6.5830E-01  1.1659E+01 -6.3587E-01
  2.4351E+00  8.1660E+00 -1.7543E-03  1.5358E+00  8.1670E-01  1.0661E+01 -8.0171E-01
  2.4451E+00  8.1995E+00 -1.7696E-03  1.5263E+00  1.0296E+00  1.1216E+01 -1.0165E+00
  2.4552E+00  8.2329E+00 -1.7856E-03  1.5172E+00  7.7646E-01  1.1956E+01 -7.5668E-01
  2.4597E+00  8.2482E+00 -1.7941E-03  1.5140E+00  6.5631E-01  1.1466E+01 -6.3470E-01
  2.4652E+00  8.2663E+00 -1.8042E-03  1.5106E+00  7.0161E-01  1.0628E+01 -6.8431E-01
  2.4752E+00  8.2998E+00 -1.8202E-03  1.5022E+00  9.8241E-01  1.0817E+01 -9.6971E-01
  2.4852E+00  8.3332E+00 -1.8350E-03  1.4926E+00  8.8131E-01  1.1730E+01 -8.6468E-01
  2.4931E+00  8.3594E+00 -1.8488E-03  1.4869E+00  6.5075E-01  1.1394E+01 -6.2936E-01
  2.4952E+00  8.3666E+00 -1.8529E-03  1.4855E+00  6.4263E-01  1.1023E+01 -6.2236E-01
  2.5053E+00  8.4001E+00 -1.8696E-03  1.4781E+00  9.0041E-01  1.0566E+01 -8.8724E-01
  2.5153E+00  8.4335E+00 -1.8837E-03  1.4686E+00  9.4494E-01  1.1809E+01 -9.2930E-01
  2.5253E+00  8.4669E+00 -1.9001E-03  1.4609E+00  6.5496E-01  1.1904E+01 -6.3185E-01
  2.5264E+00  8.4706E+00 -1.9021E-03  1.4602E+00  6.3920E-01  1.1738E+01 -6.1617E-01
  2.5353E+00  8.5004E+00 -1.9174E-03  1.4543E+00  7.8730E-01  1.0844E+01 -7.7145E-01
  2.5454E+00  8.5338E+00 -1.9313E-03  1.4453E+00  9.6954E-01  1.1359E+01 -9.5550E-01
  2.5554E+00  8.5672E+00 -1.9459E-03  1.4367E+00  7.3842E-01  1.2000E+01 -7.1775E-01
  2.5597E+00  8.5818E+00 -1.9534E-03  1.4339E+00  6.3874E-01  1.1565E+01 -6.1646E-01
  2.5654E+00  8.6007E+00 -1.9631E-03  1.4303E+00  6.8455E-01  1.0795E+01 -6.6651E-01
  2.5754E+00  8.6341E+00 -1.9775E-03  1.4223E+00  9.3162E-01  1.1002E+01 -9.1795E-01
  2.5854E+00  8.6675E+00 -1.9908E-03  1.4133E+00  8.3251E-01  1.1823E+01 -8.1483E-01
  2.5931E+00  8.6930E+00 -2.0032E-03  1.4079E+00  6.3402E-01  1.1505E+01 -6.1187E-01
  2.5955E+00  8.7010E+00 -2.0073E-03  1.4065E+00  6.2808E-01  1.1139E+01 -6.0714E-01
  2.6055E+00  8.7344E+00 -2.0226E-03  1.3994E+00  8.6143E-01  1.0772E+01 -8.4727E-01
  2.6155E+00  8.7678E+00 -2.0351E-03  1.3904E+00  8.8968E-01  1.1725E+01 -8.7346E-01
  2.6255E+00  8.8013E+00 -2.0501E-03  1.3830E+00  6.3168E-01  1.1764E+01 -6.0848E-01
  2.6264E+00  8.8042E+00 -2.0516E-03  1.3825E+00  6.2100E-01  1.1642E+01 -5.9787E-01
  2.6355E+00  8.8347E+00 -2.0660E-03  1.3766E+00  7.5954E-01  1.0848E+01 -7.4324E-01
  2.6456E+00  8.8681E+00 -2.0784E-03  1.3681E+00  9.1557E-01  1.1323E+01 -9.0091E-01
  2.6556E+00  8.9016E+00 -2.0916E-03  1.3600E+00  7.0410E-01  1.1873E+01 -6.8302E-01
  2.6597E+00  8.9154E+00 -2.0982E-03  1.3574E+00  6.2139E-01  1.1489E+01 -5.9893E-01
  2.6656E+00  8.9350E+00 -2.1074E-03  1.3538E+00  6.6737E-01  1.0789E+01 -6.4898E-01
  2.6756E+00  8.9684E+00 -2.1204E-03  1.3461E+00  8.8501E-01  1.1013E+01 -8.7066E-01
  2.6856E+00  9.0019E+00 -2.1323E-03  1.3376E+00  7.8832E-01  1.1753E+01 -7.6993E-01
  2.6931E+00  9.0266E+00 -2.1433E-03  1.3327E+00  6.1708E-01  1.1454E+01 -5.9460E-01
  2.6957E+00  9.0353E+00 -2.1474E-03  1.3311E+00  6.1325E-01  1.1098E+01 -5.9202E-01
  2.7057E+00  9.0687E+00 -2.1612E-03  1.3242E+00  8.2467E-01  1.0810E+01 -8.0980E-01
  2.7157E+00  9.1022E+00 -2.1726E-03  1.3157E+00  8.4035E-01  1.1545E+01 -8.2374E-01
  2.7257E+00  9.1356E+00 -2.1867E-03  1.3087E+00  6.1051E-01  1.1536E+01 -5.8745E-01
  2.7264E+00  9.1379E+00 -2.1878E-03  1.3083E+00  6.0368E-01  1.1453E+01 -5.8069E-01
  2.7358E+00  9.1690E+00 -2.2016E-03  1.3025E+00  7.3338E-01  1.0752E+01 -7.1680E-01
  2.7458E+00  9.2025E+00 -2.2131E-03  1.2944E+00  8.6695E-01  1.1187E+01 -8.5182E-01
  2.7558E+00  9.2359E+00 -2.2254E-03  1.2868E+00  6.7326E-01  1.1654E+01 -6.5199E-01
  2.7597E+00  9.2491E+00 -2.2313E-03  1.2844E+00  6.0470E-01  1.1319E+01 -5.8228E-01
  2.7658E+00  9.2693E+00 -2.2403E-03  1.2808E+00  6.5055E-01  1.0686E+01 -6.3203E-01
  2.7758E+00  9.3028E+00 -2.2524E-03  1.2734E+00  8.4237E-01  1.0926E+01 -8.2749E-01
  2.7859E+00  9.3362E+00 -2.2635E-03  1.2653E+00  7.4844E-01  1.1595E+01 -7.2952E-01
  2.7931E+00  9.3603E+00 -2.2735E-03  1.2607E+00  6.0055E-01  1.1317E+01 -5.7793E-01
  2.7959E+00  9.3696E+00 -2.2777E-03  1.2591E+00  5.9871E-01  1.0976E+01 -5.7737E-01
  2.8059E+00  9.4031E+00 -2.2907E-03  1.2524E+00  7.9032E-01  1.0755E+01 -7.7490E-01
  2.8159E+00  9.4365E+00 -2.3013E-03  1.2443E+00  7.9642E-01  1.1345E+01 -7.7940E-01
  2.8259E+00  9.4699E+00 -2.3146E-03  1.2377E+00  5.9157E-01  1.1299E+01 -5.6861E-01
  2.8264E+00  9.4715E+00 -2.3153E-03  1.2374E+00  5.8765E-01  1.1248E+01 -5.6474E-01
  2.8360E+00  9.5034E+00 -2.3287E-03  1.2316E+00  7.0904E-01  1.0632E+01 -6.9217E-01
  2.8460E+00  9.5368E+00 -2.3393E-03  1.2239E+00  8.2326E-01  1.1028E+01 -8.0766E-01
  2.8560E+00  9.5702E+00 -2.3509E-03  1.2166E+00  6.4581E-01  1.1422E+01 -6.2433E-01
  2.8597E+00  9.5827E+00 -2.3562E-03  1.2144E+00  5.8911E-01  1.1131E+01 -5.6667E-01
  2.8660E+00  9.6037E+00 -2.3650E-03  1.2108E+00  6.3454E-01  1.0563E+01 -6.1583E-01
  2.8760E+00  9.6371E+00 -2.3763E-03  1.2037E+00  8.0352E-01  1.0813E+01 -7.8810E-01
  2.8861E+00  9.6705E+00 -2.3866E-03  1.1960E+00  7.1265E-01  1.1418E+01 -6.9318E-01
  2.8931E+00  9.6939E+00 -2.3958E-03  1.1917E+00  5.8489E-01  1.1161E+01 -5.6205E-01
  2.8961E+00  9.7040E+00 -2.4001E-03  1.1900E+00  5.8489E-01  1.0838E+01 -5.6336E-01
  2.9061E+00  9.7374E+00 -2.4122E-03  1.1836E+00  7.5847E-01  1.0673E+01 -7.4246E-01
  2.9161E+00  9.7708E+00 -2.4219E-03  1.1759E+00  7.5716E-01  1.1173E+01 -7.3958E-01
  2.9262E+00  9.8042E+00 -2.4343E-03  1.1695E+00  5.7463E-01  1.1097E+01 -5.5153E-01
  2.9264E+00  9.8051E+00 -2.4346E-03  1.1694E+00  5.7284E-01  1.1072E+01 -5.4978E-01
  2.9362E+00  9.8377E+00 -2.4473E-03  1.1636E+00  6.8635E-01  1.0533E+01 -6.6901E-01
  2.9462E+00  9.8711E+00 -2.4569E-03  1.1562E+00  7.8378E-01  1.0891E+01 -7.6758E-01
  2.9562E+00  9.9045E+00 -2.4674E-03  1.1493E+00  6.2123E-01  1.1220E+01 -5.9934E-01
  2.9597E+00  9.9163E+00 -2.4720E-03  1.1473E+00  5.7448E-01  1.0971E+01 -5.5178E-01
  2.9662E+00  9.9380E+00 -2.4804E-03  1.1436E+00  6.1919E-01  1.0462E+01 -6.0007E-01
  2.9763E+00  9.9714E+00 -2.4904E-03  1.1368E+00  7.6783E-01  1.0713E+01 -7.5173E-01
  2.9863E+00  1.0005E+01 -2.4995E-03  1.1295E+00  6.8020E-01  1.1258E+01 -6.6003E-01
  2.9931E+00  1.0027E+01 -2.5076E-03  1.1255E+00  5.6982E-01  1.1023E+01 -5.4655E-01
  2.9963E+00  1.0038E+01 -2.5117E-03  1.1237E+00  5.7147E-01  1.0719E+01 -5.4953E-01
  3.0063E+00  1.0072E+01 -2.5223E-03  1.1175E+00  7.2844E-01  1.0599E+01 -7.1170E-01
  3.0163E+00  1.0105E+01 -2.5303E-03  1.1102E+00  7.2121E-01  1.1038E+01 -7.0284E-01
  3.0264E+00  1.0139E+01 -2.5409E-03  1.1040E+00  5.5855E-01  1.0939E+01 -5.3500E-01
  3.0364E+00  1.0172E+01 -2.5518E-03  1.0983E+00  6.6413E-01  1.0466E+01 -6.4607E-01
  3.0464E+00  1.0205E+01 -2.5590E-03  1.0913E+00  7.4680E-01  1.0785E+01 -7.2977E-01
  3.0564E+00  1.0239E+01 -2.5670E-03  1.0846E+00  5.9778E-01  1.1058E+01 -5.7519E-01
  3.0597E+00  1.0250E+01 -2.5704E-03  1.0828E+00  5.5932E-01  1.0845E+01 -5.3603E-01
  3.0664E+00  1.0272E+01 -2.5770E-03  1.0791E+00  6.0286E-01  1.0393E+01 -5.8305E-01
  3.0765E+00  1.0306E+01 -2.5837E-03  1.0725E+00  7.3316E-01  1.0634E+01 -7.1615E-01
  3.0865E+00  1.0339E+01 -2.5892E-03  1.0656E+00  6.4877E-01  1.1116E+01 -6.2764E-01
  3.0931E+00  1.0361E+01 -2.5946E-03  1.0619E+00  5.5336E-01  1.0902E+01 -5.2934E-01
  3.0965E+00  1.0373E+01 -2.5976E-03  1.0600E+00  5.5640E-01  1.0620E+01 -5.3373E-01
  3.1065E+00  1.0406E+01 -2.6042E-03  1.0540E+00  6.9794E-01  1.0535E+01 -6.8024E-01
  3.1166E+00  1.0439E+01 -2.6084E-03  1.0470E+00  6.8588E-01  1.0924E+01 -6.6645E-01
  3.1264E+00  1.0472E+01 -2.6149E-03  1.0413E+00  5.4210E-01  1.0821E+01 -5.1770E-01
  3.1266E+00  1.0473E+01 -2.6151E-03  1.0412E+00  5.4129E-01  1.0808E+01 -5.1692E-01
  3.1366E+00  1.0506E+01 -2.6221E-03  1.0357E+00  6.4036E-01  1.0413E+01 -6.2131E-01
  3.1466E+00  1.0540E+01 -2.6259E-03  1.0289E+00  7.1032E-01  1.0693E+01 -6.9222E-01
  3.1566E+00  1.0573E+01 -2.6308E-03  1.0226E+00  5.7405E-01  1.0917E+01 -5.5046E-01
  3.1597E+00  1.0584E+01 -2.6330E-03  1.0209E+00  5.4265E-01  1.0736E+01 -5.1843E-01
  3.1667E+00  1.0607E+01 -2.6379E-03  1.0173E+00  5.8501E-01  1.0336E+01 -5.6422E-01
  3.1767E+00  1.0640E+01 -2.6422E-03  1.0109E+00  6.9932E-01  1.0558E+01 -6.8122E-01
  3.1867E+00  1.0673E+01 -2.6458E-03  1.0044E+00  6.1878E-01  1.0976E+01 -5.9651E-01
  3.1931E+00  1.0695E+01 -2.6499E-03  1.0009E+00  5.3663E-01  1.0783E+01 -5.1164E-01
  3.1967E+00  1.0707E+01 -2.6525E-03  9.9901E-01  5.4103E-01  1.0523E+01 -5.1742E-01
  3.2067E+00  1.0740E+01 -2.6577E-03  9.9318E-01  6.6883E-01  1.0467E+01 -6.5001E-01
  3.2168E+00  1.0774E+01 -2.6608E-03  9.8656E-01  6.5328E-01  1.0811E+01 -6.3266E-01
  3.2264E+00  1.0806E+01 -2.6662E-03  9.8116E-01  5.2675E-01  1.0710E+01 -5.0134E-01
  3.2268E+00  1.0807E+01 -2.6665E-03  9.8097E-01  5.2526E-01  1.0684E+01 -4.9990E-01
  3.2368E+00  1.0841E+01 -2.6727E-03  9.7561E-01  6.1813E-01  1.0357E+01 -5.9795E-01
  3.2468E+00  1.0874E+01 -2.6758E-03  9.6915E-01  6.7941E-01  1.0611E+01 -6.6014E-01
  3.2568E+00  1.0907E+01 -2.6801E-03  9.6313E-01  5.4194E-01  1.0878E+01 -5.1622E-01
  3.2669E+00  1.0941E+01 -2.6888E-03  9.5871E-01  4.2181E-01  1.0558E+01 -3.9001E-01
  3.2769E+00  1.0974E+01 -2.6992E-03  9.5492E-01  4.0643E-01  1.0476E+01 -3.7359E-01
  3.2969E+00  1.1041E+01 -2.7201E-03  9.4742E-01  4.0822E-01  1.0481E+01 -3.7496E-01
