  0.0000E+00  0.0000E+00  0.0000E+00  1.2500E-01 -2.2325E-17  6.1453E-26  1.2484E-01
  1.5981E-02 -2.9736E-09  5.3033E-10  2.4079E-01  3.6246E-15 -1.1206E-20  2.4078E-01
  2.0054E-02 -7.4958E-08  9.6763E-07  1.6838E+00 -4.9435E-10  4.2255E-12  1.6871E+00
  2.9997E-02 -2.5471E-08  1.6519E-06  2.9521E+00 -1.4102E-11  8.7453E-16  2.9510E+00
  4.0084E-02  1.8170E-07  1.6007E-06  3.1945E+00 -2.0540E-11  6.7207E-15  3.1934E+00
  5.0106E-02  2.5638E-07  1.5513E-06  3.1105E+00 -2.0377E-11  1.2254E-14  3.1095E+00
  6.0128E-02  3.1460E-07  1.5189E-06  2.9884E+00 -2.4200E-11  1.9948E-14  2.9874E+00
  7.0140E-02  3.9725E-07  1.5037E-06  2.8835E+00 -3.1088E-11  3.1629E-14  2.8822E+00
  8.0168E-02  4.6344E-07  1.4906E-06  2.7824E+00 -4.2000E-11  4.8609E-14  2.7808E+00
  9.0189E-02  5.9585E-07  1.4754E-06  2.6731E+00 -5.2622E-11  6.9389E-14  2.6712E+00
  1.0021E-01  7.5351E-07  1.4627E-06  2.5626E+00 -6.0872E-11  9.3193E-14  2.5606E+00
  1.1023E-01  9.0966E-07  1.4424E-06  2.4511E+00 -6.5883E-11  1.2136E-13  2.4492E+00
  1.2025E-01  1.0603E-06  1.4219E-06  2.3488E+00 -6.7109E-11  1.5130E-13  2.3472E+00
  1.3027E-01  1.1991E-06  1.4021E-06  2.2599E+00 -6.4788E-11  1.7975E-13  2.2585E+00
  1.4022E-01  1.3185E-06  1.3804E-06  2.1812E+00 -5.9453E-11  2.0455E-13  2.1801E+00
  1.5032E-01  1.4163E-06  1.3590E-06  2.1178E+00 -5.2135E-11  2.2394E-13  2.1171E+00
  1.6034E-01  1.4892E-06  1.3372E-06  2.0668E+00 -4.3739E-11  2.3725E-13  2.0663E+00
  1.7036E-01  1.5386E-06  1.3197E-06  2.0372E+00 -3.5922E-11  2.4320E-13  2.0369E+00
  1.8038E-01  1.5692E-06  1.3035E-06  2.0197E+00 -2.8858E-11  2.4332E-13  2.0196E+00
  1.9040E-01  1.5861E-06  1.2871E-06  2.0090E+00 -2.2522E-11  2.3920E-13  2.0091E+00
  2.0042E-01  1.5932E-06  1.2722E-06  2.0090E+00 -1.7260E-11  2.3183E-13  2.0091E+00
  2.1044E-01  1.5946E-06  1.2578E-06  2.0166E+00 -1.2741E-11  2.2314E-13  2.0167E+00
  2.2046E-01  1.5927E-06  1.2446E-06  2.0322E+00 -8.9450E-12  2.1352E-13  2.0324E+00
  2.3048E-01  1.5883E-06  1.2319E-06  2.0529E+00 -5.7762E-12  2.0297E-13  2.0531E+00
  2.4051E-01  1.5831E-06  1.2193E-06  2.0780E+00 -3.0742E-12  1.9259E-13  2.0782E+00
  2.5053E-01  1.5772E-06  1.2063E-06  2.1055E+00 -7.6494E-13  1.8199E-13  2.1057E+00
  2.6055E-01  1.5708E-06  1.1933E-06  2.1363E+00  1.2098E-12  1.7149E-13  2.1365E+00
  2.7057E-01  1.5641E-06  1.1808E-06  2.1702E+00  2.8629E-12  1.6126E-13  2.1704E+00
  2.8059E-01  1.5577E-06  1.1681E-06  2.2070E+00  4.3129E-12  1.5150E-13  2.2072E+00
  2.9061E-01  1.5510E-06  1.1555E-06  2.2457E+00  5.4889E-12  1.4205E-13  2.2459E+00
  3.0063E-01  1.5444E-06  1.1433E-06  2.2862E+00  6.4791E-12  1.3304E-13  2.2863E+00
  3.1065E-01  1.5380E-06  1.1311E-06  2.3278E+00  7.3120E-12  1.2450E-13  2.3279E+00
  3.2067E-01  1.5316E-06  1.1192E-06  2.3705E+00  7.9811E-12  1.1643E-13  2.3705E+00
  3.3070E-01  1.5255E-06  1.1077E-06  2.4139E+00  8.5330E-12  1.0884E-13  2.4139E+00
  3.4072E-01  1.5196E-06  1.0963E-06  2.4573E+00  8.9822E-12  1.0170E-13  2.4574E+00
  3.5074E-01  1.5140E-06  1.0848E-06  2.5005E+00  9.3340E-12  9.4945E-14  2.5005E+00
  3.6076E-01  1.5084E-06  1.0737E-06  2.5432E+00  9.5942E-12  8.8601E-14  2.5432E+00
  3.7078E-01  1.5032E-06  1.0627E-06  2.5861E+00  9.7917E-12  8.2677E-14  2.5860E+00
  3.8080E-01  1.4981E-06  1.0518E-06  2.6284E+00  9.9380E-12  7.7110E-14  2.6284E+00
  3.9082E-01  1.4933E-06  1.0413E-06  2.6700E+00  1.0033E-11  7.1907E-14  2.6699E+00
  4.0084E-01  1.4886E-06  1.0307E-06  2.7110E+00  1.0088E-11  6.7051E-14  2.7109E+00
  4.1086E-01  1.4843E-06  1.0202E-06  2.7513E+00  1.0111E-11  6.2505E-14  2.7512E+00
  4.2088E-01  1.4800E-06  1.0099E-06  2.7907E+00  1.0087E-11  5.8255E-14  2.7905E+00
  4.3091E-01  1.4759E-06  9.9985E-07  2.8292E+00  1.0044E-11  5.4306E-14  2.8291E+00
  4.4093E-01  1.4720E-06  9.8988E-07  2.8670E+00  9.9673E-12  5.0642E-14  2.8669E+00
  4.5095E-01  1.4683E-06  9.8041E-07  2.9025E+00  9.8888E-12  4.7219E-14  2.9024E+00
  4.6097E-01  1.4644E-06  9.7358E-07  2.9356E+00  9.8193E-12  4.4111E-14  2.9355E+00
  4.7099E-01  1.4610E-06  9.6397E-07  2.9714E+00  9.6921E-12  4.1182E-14  2.9713E+00
  4.8099E-01  1.4578E-06  9.5442E-07  3.0064E+00  9.5547E-12  3.8466E-14  3.0062E+00
  4.9103E-01  1.4548E-06  9.4510E-07  3.0400E+00  9.3985E-12  3.5924E-14  3.0399E+00
  5.0105E-01  1.4520E-06  9.3578E-07  3.0731E+00  9.2426E-12  3.3566E-14  3.0729E+00
  5.1107E-01  1.4495E-06  9.2664E-07  3.1055E+00  9.0818E-12  3.1384E-14  3.1053E+00
  5.2110E-01  1.4471E-06  9.1774E-07  3.1369E+00  8.9161E-12  2.9358E-14  3.1366E+00
  5.3112E-01  1.4450E-06  9.0885E-07  3.1680E+00  8.7547E-12  2.7485E-14  3.1678E+00
  5.4114E-01  1.4431E-06  9.0004E-07  3.1981E+00  8.5929E-12  2.5737E-14  3.1978E+00
  5.5116E-01  1.4414E-06  8.9124E-07  3.2274E+00  8.4326E-12  2.4109E-14  3.2271E+00
  5.6118E-01  1.4399E-06  8.8265E-07  3.2553E+00  8.2698E-12  2.2596E-14  3.2550E+00
  5.7120E-01  1.4386E-06  8.7407E-07  3.2827E+00  8.1122E-12  2.1189E-14  3.2824E+00
  5.8122E-01  1.4374E-06  8.6558E-07  3.3091E+00  7.9556E-12  1.9874E-14  3.3089E+00
  5.9124E-01  1.4365E-06  8.5725E-07  3.3350E+00  7.7999E-12  1.8655E-14  3.3347E+00
  6.0126E-01  1.4357E-06  8.4912E-07  3.3598E+00  7.6462E-12  1.7521E-14  3.3595E+00
  6.1128E-01  1.4351E-06  8.4109E-07  3.3842E+00  7.4976E-12  1.6468E-14  3.3839E+00
  6.2131E-01  1.4347E-06  8.3315E-07  3.4078E+00  7.3530E-12  1.5488E-14  3.4076E+00
  6.3133E-01  1.4346E-06  8.2532E-07  3.4310E+00  7.2162E-12  1.4573E-14  3.4307E+00
  6.4135E-01  1.4346E-06  8.1755E-07  3.4532E+00  7.0808E-12  1.3719E-14  3.4529E+00
  6.5137E-01  1.4348E-06  8.0986E-07  3.4751E+00  6.9502E-12  1.2922E-14  3.4748E+00
  6.6139E-01  1.4352E-06  8.0225E-07  3.4962E+00  6.8214E-12  1.2178E-14  3.4960E+00
  6.7141E-01  1.4357E-06  7.9468E-07  3.5169E+00  6.6950E-12  1.1484E-14  3.5166E+00
  6.8142E-01  1.4363E-06  7.8720E-07  3.5369E+00  6.5707E-12  1.0836E-14  3.5366E+00
  6.9145E-01  1.4371E-06  7.7986E-07  3.5562E+00  6.4477E-12  1.0229E-14  3.5560E+00
  7.0147E-01  1.4380E-06  7.7253E-07  3.5752E+00  6.3289E-12  9.6629E-15  3.5749E+00
  7.1150E-01  1.4390E-06  7.6532E-07  3.5935E+00  6.2116E-12  9.1329E-15  3.5933E+00
  7.2152E-01  1.4403E-06  7.5821E-07  3.6114E+00  6.0980E-12  8.6384E-15  3.6111E+00
  7.3154E-01  1.4416E-06  7.5118E-07  3.6288E+00  5.9870E-12  8.1769E-15  3.6285E+00
  7.4156E-01  1.4432E-06  7.4427E-07  3.6455E+00  5.8785E-12  7.7440E-15  3.6452E+00
  7.5158E-01  1.4449E-06  7.3741E-07  3.6619E+00  5.7730E-12  7.3389E-15  3.6616E+00
  7.6160E-01  1.4467E-06  7.3059E-07  3.6778E+00  5.6704E-12  6.9579E-15  3.6775E+00
  7.7162E-01  1.4488E-06  7.2384E-07  3.6932E+00  5.5712E-12  6.6006E-15  3.6930E+00
  7.8164E-01  1.4510E-06  7.1717E-07  3.7083E+00  5.4746E-12  6.2655E-15  3.7081E+00
  7.9166E-01  1.4533E-06  7.1060E-07  3.7231E+00  5.3817E-12  5.9508E-15  3.7228E+00
  8.0169E-01  1.4557E-06  7.0405E-07  3.7374E+00  5.2907E-12  5.6544E-15  3.7371E+00
  8.1171E-01  1.4582E-06  6.9754E-07  3.7514E+00  5.2020E-12  5.3761E-15  3.7511E+00
  8.2173E-01  1.4609E-06  6.9115E-07  3.7650E+00  5.1154E-12  5.1147E-15  3.7647E+00
  8.3175E-01  1.4637E-06  6.8479E-07  3.7783E+00  5.0312E-12  4.8678E-15  3.7780E+00
  8.4177E-01  1.4666E-06  6.7848E-07  3.7909E+00  4.9489E-12  4.6347E-15  3.7906E+00
  8.5179E-01  1.4697E-06  6.7226E-07  3.8034E+00  4.8692E-12  4.4157E-15  3.8031E+00
  8.6181E-01  1.4729E-06  6.6608E-07  3.8156E+00  4.7921E-12  4.2088E-15  3.8153E+00
  8.7183E-01  1.4763E-06  6.5995E-07  3.8273E+00  4.7168E-12  4.0140E-15  3.8271E+00
  8.8185E-01  1.4798E-06  6.5387E-07  3.8388E+00  4.6438E-12  3.8297E-15  3.8385E+00
  8.9187E-01  1.4834E-06  6.4785E-07  3.8500E+00  4.5721E-12  3.6556E-15  3.8497E+00
  8.9405E-01  1.4842E-06  6.4656E-07  3.8523E+00  4.5566E-12  3.6189E-15  3.8520E+00
  9.0190E-01  1.4872E-06  6.4191E-07  3.8606E+00  4.5019E-12  3.4906E-15  3.8603E+00
  9.1192E-01  1.4911E-06  6.3601E-07  3.8712E+00  4.4343E-12  3.3350E-15  3.8709E+00
  9.2194E-01  1.4951E-06  6.3014E-07  3.8812E+00  4.3678E-12  3.1875E-15  3.8809E+00
  9.3196E-01  1.4992E-06  6.2431E-07  3.8909E+00  4.3032E-12  3.0478E-15  3.8906E+00
  9.4198E-01  1.5035E-06  6.1857E-07  3.9004E+00  4.2403E-12  2.9155E-15  3.9001E+00
  9.5200E-01  1.5078E-06  6.1290E-07  3.9096E+00  4.1793E-12  2.7903E-15  3.9093E+00
  9.6202E-01  1.5123E-06  6.0731E-07  3.9186E+00  4.1210E-12  2.6714E-15  3.9183E+00
  9.7204E-01  1.5169E-06  6.0177E-07  3.9274E+00  4.0641E-12  2.5586E-15  3.9271E+00
  9.8030E-01  1.5208E-06  5.9725E-07  3.9343E+00  4.0180E-12  2.4703E-15  3.9340E+00
  9.8206E-01  1.5216E-06  5.9630E-07  3.9358E+00  4.0082E-12  2.4519E-15  3.9355E+00
  9.9208E-01  1.5264E-06  5.9090E-07  3.9441E+00  3.9540E-12  2.3508E-15  3.9438E+00
  1.0021E+00  1.5313E-06  5.8556E-07  3.9524E+00  3.9014E-12  2.2552E-15  3.9521E+00
  1.0121E+00  1.5363E-06  5.8027E-07  3.9607E+00  3.8503E-12  2.1647E-15  3.9604E+00
  1.0221E+00  1.5414E-06  5.7505E-07  3.9689E+00  3.8007E-12  2.0789E-15  3.9686E+00
  1.0322E+00  1.5466E-06  5.6988E-07  3.9763E+00  3.7522E-12  1.9964E-15  3.9760E+00
  1.0422E+00  1.5518E-06  5.6477E-07  3.9837E+00  3.7051E-12  1.9183E-15  3.9834E+00
  1.0522E+00  1.5572E-06  5.5972E-07  3.9911E+00  3.6593E-12  1.8441E-15  3.9908E+00
  1.0622E+00  1.5627E-06  5.5472E-07  3.9984E+00  3.6148E-12  1.7737E-15  3.9981E+00
  1.0723E+00  1.5683E-06  5.4977E-07  4.0057E+00  3.5716E-12  1.7068E-15  4.0054E+00
  1.0823E+00  1.5739E-06  5.4495E-07  4.0123E+00  3.5284E-12  1.6427E-15  4.0120E+00
  1.0923E+00  1.5797E-06  5.4017E-07  4.0188E+00  3.4865E-12  1.5818E-15  4.0185E+00
  1.1023E+00  1.5855E-06  5.3545E-07  4.0253E+00  3.4456E-12  1.5239E-15  4.0250E+00
  1.1123E+00  1.5914E-06  5.3078E-07  4.0318E+00  3.4059E-12  1.4688E-15  4.0315E+00
  1.1224E+00  1.5974E-06  5.2615E-07  4.0383E+00  3.3672E-12  1.4163E-15  4.0380E+00
  1.1324E+00  1.6035E-06  5.2155E-07  4.0440E+00  3.3283E-12  1.3661E-15  4.0437E+00
  1.1424E+00  1.6096E-06  5.1701E-07  4.0496E+00  3.2905E-12  1.3182E-15  4.0493E+00
  1.1524E+00  1.6158E-06  5.1250E-07  4.0552E+00  3.2536E-12  1.2726E-15  4.0550E+00
  1.1624E+00  1.6222E-06  5.0804E-07  4.0609E+00  3.2176E-12  1.2291E-15  4.0606E+00
  1.1725E+00  1.6285E-06  5.0362E-07  4.0665E+00  3.1826E-12  1.1877E-15  4.0662E+00
  1.1825E+00  1.6350E-06  4.9925E-07  4.0715E+00  3.1476E-12  1.1478E-15  4.0712E+00
  1.1925E+00  1.6415E-06  4.9492E-07  4.0765E+00  3.1135E-12  1.1097E-15  4.0762E+00
  1.2025E+00  1.6921E-06  4.9456E-07  4.0818E+00  3.0833E-12  1.0764E-15  4.0815E+00
  1.2125E+00  1.8975E-06  4.9999E-07  4.0871E+00  3.0638E-12  1.0539E-15  4.0868E+00
  1.2226E+00  1.8154E-06  4.8808E-07  4.0921E+00  3.0772E-12  1.0360E-15  4.0918E+00
  1.2326E+00  4.4600E-07  5.0203E-07  4.0965E+00  2.9689E-12  9.8700E-16  4.0962E+00
  1.2426E+00  1.9476E-06  7.9027E-07  4.1395E+00  2.5549E-12  1.1556E-15  4.1393E+00
  1.2526E+00  4.3993E-06  1.0797E-06  4.2101E+00  2.1907E-12  1.3679E-15  4.2100E+00
  1.2597E+00  3.7370E-06  9.7463E-07  4.2120E+00  2.2034E-12  1.3787E-15  4.2118E+00
  1.2627E+00  2.6220E-06  9.6089E-07  4.2139E+00  2.1489E-12  1.4045E-15  4.2138E+00
  1.2727E+00  1.6682E-06  1.0360E-06  4.2183E+00  2.1139E-12  1.3392E-15  4.2181E+00
  1.2827E+00  3.6463E-06  9.2437E-07  4.2593E+00  1.5229E-12  1.6843E-15  4.2592E+00
  1.2927E+00  3.9205E-06  8.2289E-07  4.2641E+00  1.5283E-12  1.7153E-15  4.2640E+00
  1.2931E+00  3.8059E-06  8.2044E-07  4.2645E+00  1.5266E-12  1.7175E-15  4.2644E+00
  1.3027E+00  1.5272E-06  8.9035E-07  4.2724E+00  1.4768E-12  1.6949E-15  4.2723E+00
  1.3128E+00  2.7657E-06  9.0591E-07  4.2821E+00  1.4892E-12  1.6420E-15  4.2820E+00
  1.3228E+00  4.2787E-06  8.6933E-07  4.2903E+00  1.4911E-12  1.6731E-15  4.2902E+00
  1.3264E+00  3.4069E-06  8.1238E-07  4.2920E+00  1.4954E-12  1.6972E-15  4.2919E+00
  1.3328E+00  1.4268E-06  8.4732E-07  4.2946E+00  1.4607E-12  1.7016E-15  4.2945E+00
  1.3428E+00  2.4454E-06  1.0777E-06  4.3499E+00  2.4087E-12  1.3171E-15  4.3497E+00
  1.3528E+00  4.8791E-06  1.2893E-06  4.4551E+00  3.3816E-12  1.0122E-15  4.4547E+00
  1.3597E+00  4.1777E-06  1.1901E-06  4.4519E+00  3.4818E-12  1.0316E-15  4.4516E+00
  1.3629E+00  3.0667E-06  1.1813E-06  4.4508E+00  3.4549E-12  1.0593E-15  4.4504E+00
  1.3729E+00  2.3450E-06  1.2515E-06  4.4455E+00  3.4554E-12  1.0127E-15  4.4451E+00
  1.3829E+00  4.1496E-06  1.2224E-06  4.4606E+00  3.1547E-12  1.2304E-15  4.4603E+00
  1.3929E+00  4.2371E-06  1.1203E-06  4.4578E+00  3.3020E-12  1.2734E-15  4.4575E+00
  1.3931E+00  4.1936E-06  1.1194E-06  4.4579E+00  3.3035E-12  1.2742E-15  4.4575E+00
  1.4029E+00  2.1443E-06  1.1893E-06  4.4573E+00  3.3087E-12  1.2630E-15  4.4569E+00
  1.4130E+00  3.3418E-06  1.1935E-06  4.4591E+00  3.3885E-12  1.2167E-15  4.4587E+00
  1.4230E+00  4.6438E-06  1.1544E-06  4.4589E+00  3.5214E-12  1.2592E-15  4.4585E+00
  1.4264E+00  3.8476E-06  1.1052E-06  4.4581E+00  3.5718E-12  1.2799E-15  4.4577E+00
  1.4330E+00  2.0194E-06  1.1416E-06  4.4569E+00  3.5822E-12  1.2834E-15  4.4565E+00
  1.4430E+00  3.0804E-06  1.1841E-06  4.4673E+00  5.2333E-12  4.9570E-16  4.4666E+00
  1.4531E+00  5.3252E-06  1.2106E-06  4.5330E+00  7.0453E-12 -2.4818E-16  4.5319E+00
  1.4597E+00  4.6276E-06  1.1199E-06  4.5337E+00  7.3078E-12 -2.7998E-16  4.5325E+00
  1.4631E+00  3.5468E-06  1.1154E-06  4.5331E+00  7.3407E-12 -2.7320E-16  4.5319E+00
  1.4731E+00  3.0152E-06  1.1769E-06  4.5345E+00  7.2842E-12 -2.7940E-16  4.5333E+00
  1.4831E+00  4.6611E-06  1.1887E-06  4.5399E+00  7.2400E-12 -1.8496E-16  4.5387E+00
  1.4931E+00  4.6170E-06  1.0900E-06  4.5416E+00  7.6387E-12 -2.2265E-16  4.5403E+00
  1.5032E+00  2.7873E-06  1.1564E-06  4.5432E+00  7.6603E-12 -2.3605E-16  4.5419E+00
  1.5132E+00  3.9070E-06  1.1553E-06  4.5419E+00  7.6748E-12 -2.4143E-16  4.5406E+00
  1.5232E+00  5.0060E-06  1.1142E-06  4.5443E+00  8.0342E-12 -2.6513E-16  4.5429E+00
  1.5264E+00  4.2954E-06  1.0732E-06  4.5435E+00  8.1625E-12 -2.7988E-16  4.5422E+00
  1.5332E+00  2.6231E-06  1.1095E-06  4.5430E+00  8.2235E-12 -3.0149E-16  4.5416E+00
  1.5432E+00  3.6098E-06  1.0050E-06  4.5247E+00  9.3823E-12 -1.0599E-15  4.5230E+00
  1.5533E+00  5.5813E-06  8.8497E-07  4.5446E+00  1.0942E-11 -1.8682E-15  4.5425E+00
  1.5597E+00  4.9069E-06  8.0377E-07  4.5454E+00  1.1374E-11 -1.9844E-15  4.5431E+00
  1.5633E+00  3.8713E-06  8.0320E-07  4.5439E+00  1.1474E-11 -2.0135E-15  4.5417E+00
  1.5733E+00  3.4897E-06  8.5633E-07  4.5443E+00  1.1304E-11 -1.9592E-15  4.5421E+00
  1.5833E+00  4.9876E-06  8.7747E-07  4.5464E+00  1.1413E-11 -1.9405E-15  4.5442E+00
  1.5931E+00  4.8769E-06  7.8666E-07  4.5500E+00  1.2084E-11 -2.1063E-15  4.5476E+00
  1.5933E+00  4.8041E-06  7.8505E-07  4.5503E+00  1.2131E-11 -2.1245E-15  4.5479E+00
  1.6034E+00  3.2608E-06  8.4305E-07  4.5529E+00  1.2128E-11 -2.1323E-15  4.5505E+00
  1.6134E+00  4.3049E-06  8.6197E-07  4.5303E+00  1.1854E-11 -2.0059E-15  4.5279E+00
  1.6234E+00  5.2202E-06  8.1885E-07  4.5329E+00  1.2473E-11 -2.1412E-15  4.5304E+00
  1.6264E+00  4.5975E-06  7.8563E-07  4.5315E+00  1.2675E-11 -2.1999E-15  4.5290E+00
  1.6334E+00  3.0800E-06  8.2076E-07  4.5315E+00  1.2777E-11 -2.2480E-15  4.5290E+00
  1.6435E+00  3.9366E-06  6.5379E-07  4.4999E+00  1.2743E-11 -2.4801E-15  4.4974E+00
  1.6535E+00  5.6066E-06  4.6983E-07  4.4893E+00  1.3385E-11 -2.9001E-15  4.4867E+00
  1.6597E+00  4.9691E-06  3.9815E-07  4.4898E+00  1.3938E-11 -3.0789E-15  4.4871E+00
  1.6635E+00  3.9880E-06  4.0071E-07  4.4884E+00  1.4084E-11 -3.1364E-15  4.4856E+00
  1.6735E+00  3.7281E-06  4.4722E-07  4.4886E+00  1.3799E-11 -3.0219E-15  4.4859E+00
  1.6835E+00  5.0876E-06  4.6540E-07  4.4904E+00  1.3976E-11 -3.0308E-15  4.4876E+00
  1.6931E+00  4.9310E-06  3.8253E-07  4.4934E+00  1.4852E-11 -3.2957E-15  4.4905E+00
  1.6936E+00  4.8145E-06  3.7959E-07  4.4940E+00  1.4934E-11 -3.3340E-15  4.4910E+00
  1.7036E+00  3.5044E-06  4.2865E-07  4.4973E+00  1.4883E-11 -3.3216E-15  4.4943E+00
  1.7136E+00  4.5014E-06  5.0004E-07  4.4526E+00  1.4086E-11 -2.9666E-15  4.4498E+00
  1.7236E+00  5.2555E-06  4.5617E-07  4.4545E+00  1.4901E-11 -3.1884E-15  4.4516E+00
  1.7264E+00  4.7178E-06  4.2980E-07  4.4530E+00  1.5137E-11 -3.2702E-15  4.4500E+00
  1.7336E+00  3.3481E-06  4.6329E-07  4.4532E+00  1.5244E-11 -3.3297E-15  4.4503E+00
  1.7437E+00  4.0629E-06  3.1249E-07  4.4094E+00  1.4226E-11 -2.9546E-15  4.4067E+00
  1.7537E+00  5.4439E-06  1.4292E-07  4.3777E+00  1.4075E-11 -2.8489E-15  4.3751E+00
  1.7597E+00  4.8500E-06  8.0148E-08  4.3785E+00  1.4680E-11 -3.0358E-15  4.3758E+00
  1.7637E+00  3.9285E-06  8.5060E-08  4.3773E+00  1.4835E-11 -3.1022E-15  4.3746E+00
  1.7737E+00  3.7665E-06  1.2595E-07  4.3767E+00  1.4475E-11 -2.9601E-15  4.3740E+00
  1.7837E+00  4.9948E-06  1.3988E-07  4.3772E+00  1.4693E-11 -2.9735E-15  4.3745E+00
  1.7931E+00  4.8079E-06  6.5052E-08  4.3787E+00  1.5672E-11 -3.2562E-15  4.3758E+00
  1.7938E+00  4.6563E-06  6.0732E-08  4.3793E+00  1.5775E-11 -3.3083E-15  4.3764E+00
  1.8038E+00  3.5493E-06  1.0214E-07  4.3801E+00  1.5652E-11 -3.2762E-15  4.3772E+00
  1.8138E+00  4.5672E-06  2.8798E-07  4.3132E+00  1.3866E-11 -2.4676E-15  4.3107E+00
  1.8238E+00  5.1806E-06  2.4436E-07  4.3144E+00  1.4762E-11 -2.6798E-15  4.3119E+00
  1.8264E+00  4.7222E-06  2.2386E-07  4.3134E+00  1.4981E-11 -2.7467E-15  4.3108E+00
  1.8339E+00  3.4909E-06  2.5532E-07  4.3134E+00  1.5053E-11 -2.8020E-15  4.3108E+00
  1.8439E+00  4.0845E-06  1.6470E-07  4.2899E+00  1.3687E-11 -2.0902E-15  4.2876E+00
  1.8539E+00  5.2177E-06  5.4831E-08  4.2733E+00  1.3230E-11 -1.5913E-15  4.2712E+00
  1.8597E+00  4.6703E-06 -2.2235E-11  4.2737E+00  1.3816E-11 -1.7144E-15  4.2715E+00
  1.8639E+00  3.8107E-06  6.5499E-09  4.2731E+00  1.3940E-11 -1.7633E-15  4.2709E+00
  1.8739E+00  3.7267E-06  4.2356E-08  4.2731E+00  1.3567E-11 -1.6554E-15  4.2709E+00
  1.8840E+00  4.8319E-06  5.3000E-08  4.2730E+00  1.3807E-11 -1.6466E-15  4.2708E+00
  1.8931E+00  4.6263E-06 -1.3941E-08  4.2731E+00  1.4781E-11 -1.8283E-15  4.2708E+00
  1.8940E+00  4.4475E-06 -1.9471E-08  4.2735E+00  1.4881E-11 -1.8791E-15  4.2711E+00
  1.9040E+00  3.5165E-06  1.6707E-08  4.2731E+00  1.4680E-11 -1.8474E-15  4.2707E+00
  1.9140E+00  4.6389E-06  3.5010E-07  4.2210E+00  1.1783E-11 -4.5541E-16  4.2193E+00
  1.9240E+00  5.1303E-06  3.0760E-07  4.2213E+00  1.2632E-11 -5.0713E-16  4.2195E+00
  1.9264E+00  4.7442E-06  2.9194E-07  4.2209E+00  1.2797E-11 -5.1974E-16  4.2191E+00
  1.9341E+00  3.6411E-06  3.2107E-07  4.2207E+00  1.2806E-11 -5.6426E-16  4.2188E+00
  1.9441E+00  4.1503E-06  2.9022E-07  4.2188E+00  1.1799E-11  4.3349E-18  4.2172E+00
  1.9541E+00  5.0915E-06  2.4137E-07  4.2194E+00  1.1630E-11  5.7330E-16  4.2178E+00
  1.9597E+00  4.5911E-06  1.9365E-07  4.2195E+00  1.2157E-11  5.8313E-16  4.2178E+00
  1.9641E+00  3.7936E-06  2.0125E-07  4.2194E+00  1.2224E-11  5.7279E-16  4.2178E+00
  1.9741E+00  3.7706E-06  2.3187E-07  4.2197E+00  1.1896E-11  5.7008E-16  4.2182E+00
  1.9842E+00  4.7616E-06  2.4036E-07  4.2198E+00  1.2165E-11  6.2967E-16  4.2182E+00
  1.9931E+00  4.5457E-06  1.8075E-07  4.2200E+00  1.3082E-11  6.7286E-16  4.2183E+00
  1.9942E+00  4.3467E-06  1.7436E-07  4.2202E+00  1.3153E-11  6.4341E-16  4.2185E+00
  2.0042E+00  3.5674E-06  2.0696E-07  4.2198E+00  1.2897E-11  6.2612E-16  4.2181E+00
  2.0142E+00  4.8198E-06  5.9832E-07  4.2223E+00  1.0521E-11  2.2014E-15  4.2211E+00
  2.0243E+00  5.2063E-06  5.5715E-07  4.2237E+00  1.1382E-11  2.4506E-15  4.2224E+00
  2.0264E+00  4.8850E-06  5.4528E-07  4.2239E+00  1.1510E-11  2.5073E-15  4.2226E+00
  2.0343E+00  3.8988E-06  5.7173E-07  4.2245E+00  1.1469E-11  2.4477E-15  4.2232E+00
  2.0443E+00  4.3565E-06  5.7307E-07  4.2277E+00  1.1001E-11  2.6020E-15  4.2265E+00
  2.0543E+00  5.1561E-06  5.5904E-07  4.2312E+00  1.1366E-11  3.1145E-15  4.2299E+00
  2.0597E+00  4.7016E-06  5.1750E-07  4.2317E+00  1.1895E-11  3.3088E-15  4.2303E+00
  2.0643E+00  3.9648E-06  5.2562E-07  4.2320E+00  1.1920E-11  3.3381E-15  4.2306E+00
  2.0744E+00  3.9885E-06  5.5124E-07  4.2318E+00  1.1595E-11  3.1822E-15  4.2305E+00
  2.0844E+00  4.8755E-06  5.5866E-07  4.2310E+00  1.1905E-11  3.3822E-15  4.2297E+00
  2.0931E+00  4.6557E-06  5.0597E-07  4.2307E+00  1.2841E-11  3.8061E-15  4.2293E+00
  2.0944E+00  4.4421E-06  4.9921E-07  4.2306E+00  1.2883E-11  3.8140E-15  4.2291E+00
  2.1044E+00  3.7930E-06  5.2980E-07  4.2299E+00  1.2536E-11  3.7146E-15  4.2284E+00
  2.1144E+00  5.1217E-06  8.2839E-07  4.2977E+00  1.3772E-11  4.4250E-15  4.2961E+00
  2.1245E+00  5.4188E-06  7.8919E-07  4.2982E+00  1.5013E-11  5.1185E-15  4.2964E+00
  2.1264E+00  5.1545E-06  7.8039E-07  4.2982E+00  1.5188E-11  5.2362E-15  4.2964E+00
  2.1345E+00  4.2734E-06  8.0452E-07  4.2983E+00  1.5078E-11  5.1297E-15  4.2965E+00
  2.1445E+00  4.6991E-06  8.1232E-07  4.2996E+00  1.4745E-11  5.0292E-15  4.2979E+00
  2.1545E+00  5.3926E-06  8.0750E-07  4.3010E+00  1.5719E-11  5.7657E-15  4.2991E+00
  2.1597E+00  4.9814E-06  7.7141E-07  4.3014E+00  1.6507E-11  6.2007E-15  4.2994E+00
  2.1645E+00  4.3020E-06  7.7967E-07  4.3018E+00  1.6565E-11  6.2292E-15  4.2998E+00
  2.1746E+00  4.3607E-06  8.0015E-07  4.3027E+00  1.6022E-11  5.9218E-15  4.3008E+00
  2.1846E+00  5.1549E-06  8.0575E-07  4.3037E+00  1.6556E-11  6.4191E-15  4.3017E+00
  2.1931E+00  4.9355E-06  7.5823E-07  4.3050E+00  1.8037E-11  7.3890E-15  4.3028E+00
  2.1946E+00  4.7120E-06  7.5138E-07  4.3048E+00  1.8118E-11  7.4077E-15  4.3027E+00
  2.2046E+00  4.1736E-06  7.7911E-07  4.3058E+00  1.7585E-11  7.1210E-15  4.3037E+00
  2.2147E+00  5.4834E-06  8.9960E-07  4.3870E+00  2.4175E-11  5.5258E-15  4.3834E+00
  2.2247E+00  5.7060E-06  8.6150E-07  4.3884E+00  2.6803E-11  6.6852E-15  4.3843E+00
  2.2264E+00  5.4913E-06  8.5488E-07  4.3884E+00  2.7183E-11  6.8159E-15  4.3843E+00
  2.2347E+00  4.7036E-06  8.7613E-07  4.3890E+00  2.6984E-11  6.5428E-15  4.3849E+00
  2.2447E+00  5.1031E-06  8.8081E-07  4.3901E+00  2.6296E-11  6.4568E-15  4.3861E+00
  2.2547E+00  5.7097E-06  8.7469E-07  4.3917E+00  2.8574E-11  7.7158E-15  4.3874E+00
  2.2597E+00  5.3392E-06  8.4300E-07  4.3926E+00  3.0245E-11  8.3605E-15  4.3880E+00
  2.2648E+00  4.7134E-06  8.5090E-07  4.3929E+00  3.0501E-11  8.2331E-15  4.3883E+00
  2.2748E+00  4.7983E-06  8.6590E-07  4.3944E+00  2.9195E-11  7.9059E-15  4.3900E+00
  2.2848E+00  5.5103E-06  8.6828E-07  4.3965E+00  3.0453E-11  8.9839E-15  4.3919E+00
  2.2931E+00  5.2949E-06  8.2491E-07  4.3985E+00  3.3713E-11  1.0667E-14  4.3935E+00
  2.2948E+00  5.0656E-06  8.1819E-07  4.3983E+00  3.4003E-11  1.0575E-14  4.3932E+00
  2.3048E+00  4.6217E-06  8.4268E-07  4.3999E+00  3.2782E-11  1.0077E-14  4.3950E+00
  2.3149E+00  5.8217E-06  7.8719E-07  4.4497E+00  4.2602E-11  5.2902E-15  4.4420E+00
  2.3249E+00  5.9822E-06  7.5043E-07  4.4519E+00  4.8303E-11  6.9687E-15  4.4432E+00
  2.3264E+00  5.8105E-06  7.4550E-07  4.4521E+00  4.9067E-11  7.0561E-15  4.4432E+00
  2.3349E+00  5.1062E-06  7.6420E-07  4.4529E+00  4.8561E-11  6.4655E-15  4.4442E+00
  2.3449E+00  5.4805E-06  7.6521E-07  4.4538E+00  4.6835E-11  6.8583E-15  4.4454E+00
  2.3550E+00  6.0114E-06  7.5579E-07  4.4556E+00  5.1846E-11  9.1521E-15  4.4463E+00
  2.3597E+00  5.6787E-06  7.2808E-07  4.4561E+00  5.5402E-11  1.0005E-14  4.4462E+00
  2.3650E+00  5.1032E-06  7.3570E-07  4.4562E+00  5.6012E-11  9.4381E-15  4.4462E+00
  2.3750E+00  5.2071E-06  7.4623E-07  4.4578E+00  5.2837E-11  9.4869E-15  4.4483E+00
  2.3850E+00  5.8457E-06  7.4515E-07  4.4602E+00  5.5728E-11  1.1849E-14  4.4502E+00
  2.3931E+00  5.6374E-06  7.0564E-07  4.4619E+00  6.2955E-11  1.4794E-14  4.4506E+00
  2.3950E+00  5.4057E-06  6.9934E-07  4.4613E+00  6.3737E-11  1.4298E-14  4.4499E+00
  2.4051E+00  5.0435E-06  7.2081E-07  4.4627E+00  6.0617E-11  1.3693E-14  4.4519E+00
  2.4151E+00  6.0743E-06  5.4741E-07  4.4695E+00  6.8447E-11  7.2933E-15  4.4562E+00
  2.4251E+00  6.1843E-06  5.1258E-07  4.4708E+00  7.9961E-11  1.0776E-14  4.4554E+00
  2.4264E+00  6.0499E-06  5.0893E-07  4.4710E+00  8.1303E-11  1.0875E-14  4.4553E+00
  2.4351E+00  5.4212E-06  5.2539E-07  4.4718E+00  7.9968E-11  9.4882E-15  4.4563E+00
  2.4451E+00  5.7709E-06  5.2391E-07  4.4730E+00  7.6398E-11  1.0818E-14  4.4583E+00
  2.4552E+00  6.2347E-06  5.1122E-07  4.4757E+00  8.6967E-11  1.6214E-14  4.4590E+00
  2.4597E+00  5.9373E-06  4.8681E-07  4.4764E+00  9.4139E-11  1.8045E-14  4.4584E+00
  2.4652E+00  5.4094E-06  4.9369E-07  4.4770E+00  9.5314E-11  1.6298E-14  4.4587E+00
  2.4752E+00  5.5275E-06  5.0223E-07  4.4774E+00  8.8387E-11  1.6609E-14  4.4605E+00
  2.4852E+00  6.1003E-06  4.9950E-07  4.4786E+00  9.4836E-11  2.2417E-14  4.4606E+00
  2.4931E+00  5.9009E-06  4.6291E-07  4.4807E+00  1.1031E-10  2.9879E-14  4.4598E+00
  2.4952E+00  5.6700E-06  4.5708E-07  4.4801E+00  1.1214E-10  2.8234E-14  4.4589E+00
  2.5053E+00  5.3776E-06  4.7490E-07  4.4814E+00  1.0476E-10  2.6697E-14  4.4615E+00
  2.5153E+00  6.2115E-06  2.6853E-07  4.4613E+00  1.0621E-10  2.4852E-14  4.4412E+00
  2.5253E+00  6.2793E-06  2.3518E-07  4.4630E+00  1.2960E-10  3.9266E-14  4.4388E+00
  2.5264E+00  6.1770E-06  2.3244E-07  4.4632E+00  1.3189E-10  4.0012E-14  4.4385E+00
  2.5353E+00  5.6168E-06  2.4664E-07  4.4642E+00  1.2843E-10  3.5147E-14  4.4400E+00
  2.5454E+00  5.9422E-06  2.4384E-07  4.4652E+00  1.2139E-10  3.7564E-14  4.4425E+00
  2.5554E+00  6.3452E-06  2.2901E-07  4.4673E+00  1.4386E-10  5.9690E-14  4.4408E+00
  2.5597E+00  6.0808E-06  2.0758E-07  4.4679E+00  1.5849E-10  6.9769E-14  4.4388E+00
  2.5654E+00  5.5981E-06  2.1372E-07  4.4685E+00  1.6046E-10  6.4301E-14  4.4389E+00
  2.5754E+00  5.7284E-06  2.2472E-07  4.4661E+00  1.4501E-10  6.0718E-14  4.4395E+00
  2.5854E+00  6.2439E-06  2.2483E-07  4.4641E+00  1.5919E-10  8.4483E-14  4.4354E+00
  2.5931E+00  6.0546E-06  1.9107E-07  4.4660E+00  1.9296E-10  1.2427E-13  4.4319E+00
  2.5955E+00  5.8272E-06  1.8586E-07  4.4655E+00  1.9716E-10  1.1955E-13  4.4305E+00
  2.6055E+00  5.5947E-06  2.0040E-07  4.4669E+00  1.7919E-10  1.0652E-13  4.4350E+00
  2.6155E+00  6.2382E-06  3.2607E-08  4.4347E+00  1.7245E-10  1.3286E-13  4.4059E+00
  2.6255E+00  6.2711E-06  7.2123E-10  4.4363E+00  2.2366E-10  2.3940E-13  4.4008E+00
  2.6264E+00  6.1963E-06 -1.3136E-09  4.4365E+00  2.2777E-10  2.4635E-13  4.4005E+00
  2.6355E+00  5.6983E-06  1.0747E-08  4.4376E+00  2.1844E-10  2.1457E-13  4.4025E+00
  2.6456E+00  6.0001E-06  7.1394E-09  4.4387E+00  2.0325E-10  2.1123E-13  4.4062E+00
  2.6556E+00  6.3488E-06 -8.8533E-09  4.4402E+00  2.5434E-10  3.7792E-13  4.4031E+00
  2.6597E+00  6.1149E-06 -2.7507E-08  4.4407E+00  2.8728E-10  4.7500E-13  4.4007E+00
  2.6656E+00  5.6750E-06 -2.2160E-08  4.4413E+00  2.9114E-10  4.4749E-13  4.4000E+00
  2.6756E+00  5.8168E-06 -7.2378E-09  4.4387E+00  2.5273E-10  3.8238E-13  4.4024E+00
  2.6856E+00  6.2832E-06 -2.3462E-09  4.4361E+00  2.8559E-10  5.7203E-13  4.4003E+00
  2.6931E+00  6.1049E-06 -3.3362E-08  4.4377E+00  3.7092E-10  9.5491E-13  4.4019E+00
  2.6957E+00  5.8833E-06 -3.7847E-08  4.4373E+00  3.8403E-10  9.4072E-13  4.3993E+00
  2.7057E+00  5.7014E-06 -2.6364E-08  4.4386E+00  3.3053E-10  7.7185E-13  4.4026E+00
  2.7157E+00  6.1928E-06 -1.2598E-07  4.4169E+00  3.1234E-10  1.0127E-12  4.3969E+00
  2.7257E+00  6.1970E-06 -1.5667E-07  4.4187E+00  4.9373E-10  1.9690E-12  4.4246E+00
  2.7264E+00  6.1456E-06 -1.5815E-07  4.4189E+00  5.0920E-10  2.0076E-12  4.4252E+00
  2.7358E+00  5.7040E-06 -1.4815E-07  4.4202E+00  4.5799E-10  1.7572E-12  4.4187E+00
  2.7458E+00  5.9833E-06 -1.5252E-07  4.4214E+00  3.9978E-10  1.6811E-12  4.4241E+00
  2.7558E+00  6.2834E-06 -1.6893E-07  4.4228E+00  7.2233E-10  2.6245E-12  4.4487E+00
  2.7597E+00  6.0777E-06 -1.8504E-07  4.4233E+00  1.0581E-09  2.5796E-12  4.4035E+00
  2.7658E+00  5.6781E-06 -1.8050E-07  4.4240E+00  1.0502E-09  2.4744E-12  4.3984E+00
  2.7758E+00  5.8303E-06 -1.6357E-07  4.4235E+00  6.9718E-10  2.6246E-12  4.4562E+00
  2.7859E+00  6.2549E-06 -1.5515E-07  4.4229E+00  1.1975E-09  2.6201E-12  4.3976E+00
  2.7931E+00  6.0881E-06 -1.8347E-07  4.4242E+00  2.9104E-09 -6.1246E-13  4.2192E+00
  2.7959E+00  5.8743E-06 -1.8723E-07  4.4241E+00  3.0182E-09 -8.7902E-13  4.2313E+00
  2.8059E+00  5.7350E-06 -1.7878E-07  4.4257E+00  1.9883E-09  1.3367E-12  4.2586E+00
  2.8159E+00  6.1247E-06 -2.2211E-07  4.4176E+00  2.5696E-09  9.9429E-14  4.2167E+00
  2.8259E+00  6.1055E-06 -2.5191E-07  4.4195E+00  4.4863E-09 -5.9489E-13  4.3879E+00
  2.8264E+00  6.0736E-06 -2.5291E-07  4.4196E+00  4.5047E-09 -3.9366E-13  4.3873E+00
  2.8360E+00  5.6832E-06 -2.4506E-07  4.4210E+00  4.3464E-09 -1.8841E-12  4.4242E+00
  2.8460E+00  5.9409E-06 -2.5041E-07  4.4225E+00  4.1460E-09 -2.4191E-12  4.4327E+00
  2.8560E+00  6.1981E-06 -2.6678E-07  4.4239E+00  4.5297E-09  2.2973E-12  4.4604E+00
  2.8597E+00  6.0183E-06 -2.8062E-07  4.4243E+00  4.1245E-09  2.0581E-12  4.3958E+00
  2.8660E+00  5.6565E-06 -2.7696E-07  4.4252E+00  4.1697E-09  1.9891E-12  4.4030E+00
  2.8760E+00  5.8169E-06 -2.6149E-07  4.4273E+00  4.5032E-09  2.2536E-12  4.4642E+00
  2.8861E+00  6.2047E-06 -2.5277E-07  4.4292E+00  3.7733E-09  1.9477E-12  4.3664E+00
  2.8931E+00  6.0500E-06 -2.7864E-07  4.4304E+00  2.2555E-09  5.3912E-13  4.2459E+00
  2.8961E+00  5.8455E-06 -2.8178E-07  4.4306E+00  2.1876E-09  4.5491E-13  4.2464E+00
  2.9061E+00  5.7417E-06 -2.7640E-07  4.4324E+00  2.9308E-09  1.1125E-12  4.2790E+00
  2.9161E+00  6.0699E-06 -2.9065E-07  4.4315E+00  2.3783E-09  7.1586E-13  4.2574E+00
  2.9262E+00  6.0321E-06 -3.1974E-07  4.4335E+00  1.1099E-09 -1.9607E-14  4.2955E+00
  2.9264E+00  6.0164E-06 -3.2028E-07  4.4335E+00  1.0985E-09 -2.3639E-14  4.2965E+00
  2.9362E+00  5.6726E-06 -3.1469E-07  4.4351E+00  1.2958E-09  5.0489E-14  4.2845E+00
  2.9462E+00  5.9091E-06 -3.2250E-07  4.4373E+00  1.4397E-09  1.4878E-13  4.2791E+00
  2.9562E+00  6.1285E-06 -3.3903E-07  4.4391E+00  7.7657E-10 -8.2100E-14  4.3331E+00
  2.9597E+00  5.9726E-06 -3.5088E-07  4.4395E+00  6.4826E-10 -1.0286E-13  4.3476E+00
  2.9662E+00  5.6466E-06 -3.4823E-07  4.4406E+00  6.7181E-10 -1.0145E-13  4.3462E+00
  2.9763E+00  5.8108E-06 -3.3923E-07  4.4443E+00  8.1902E-10 -6.7235E-14  4.3343E+00
  2.9863E+00  6.1644E-06 -3.3553E-07  4.4481E+00  5.8182E-10 -1.0319E-13  4.3639E+00
  2.9931E+00  6.0221E-06 -3.5922E-07  4.4496E+00  4.1227E-10 -1.0704E-13  4.3867E+00
  2.9963E+00  5.8283E-06 -3.6193E-07  4.4499E+00  4.0918E-10 -1.0682E-13  4.3876E+00
  3.0063E+00  5.7541E-06 -3.5947E-07  4.4518E+00  4.8885E-10 -1.0501E-13  4.3794E+00
  3.0163E+00  6.0443E-06 -3.6523E-07  4.4533E+00  4.2032E-10 -1.0326E-13  4.3900E+00
  3.0264E+00  5.9920E-06 -3.9367E-07  4.4555E+00  2.7159E-10 -8.8843E-14  4.4126E+00
  3.0364E+00  5.6882E-06 -3.9037E-07  4.4575E+00  2.9142E-10 -9.0891E-14  4.4119E+00
  3.0464E+00  5.9031E-06 -4.0278E-07  4.4609E+00  3.0421E-10 -9.2998E-14  4.4135E+00
  3.0564E+00  6.0894E-06 -4.2002E-07  4.4631E+00  2.1113E-10 -7.7188E-14  4.4292E+00
  3.0597E+00  5.9553E-06 -4.3018E-07  4.4635E+00  1.9136E-10 -7.1939E-14  4.4326E+00
  3.0664E+00  5.6628E-06 -4.2871E-07  4.4646E+00  1.9758E-10 -7.2331E-14  4.4329E+00
  3.0765E+00  5.8253E-06 -4.2994E-07  4.4695E+00  2.1962E-10 -7.8763E-14  4.4343E+00
  3.0865E+00  6.1447E-06 -4.3571E-07  4.4745E+00  1.7601E-10 -6.9934E-14  4.4456E+00
  3.0931E+00  6.0147E-06 -4.5768E-07  4.4758E+00  1.4295E-10 -5.9652E-14  4.4521E+00
  3.0965E+00  5.8327E-06 -4.6031E-07  4.4761E+00  1.4329E-10 -5.8788E-14  4.4525E+00
  3.1065E+00  5.7826E-06 -4.6081E-07  4.4779E+00  1.5974E-10 -6.4242E-14  4.4517E+00
  3.1166E+00  6.0439E-06 -4.6672E-07  4.4798E+00  1.4313E-10 -6.0024E-14  4.4562E+00
  3.1264E+00  5.9889E-06 -4.9411E-07  4.4817E+00  1.0755E-10 -4.7570E-14  4.4638E+00
  3.1266E+00  5.9805E-06 -4.9445E-07  4.4817E+00  1.1023E-10 -4.8058E-14  4.4634E+00
  3.1366E+00  5.7261E-06 -4.9400E-07  4.4836E+00  1.1614E-10 -5.0022E-14  4.4644E+00
  3.1466E+00  5.9197E-06 -5.0823E-07  4.4857E+00  1.1849E-10 -5.0916E-14  4.4662E+00
  3.1566E+00  6.0769E-06 -5.2667E-07  4.4879E+00  9.1308E-11 -4.1428E-14  4.4728E+00
  3.1597E+00  5.9627E-06 -5.3545E-07  4.4883E+00  8.5695E-11 -3.8894E-14  4.4741E+00
  3.1667E+00  5.7016E-06 -5.3533E-07  4.4895E+00  8.8344E-11 -3.9143E-14  4.4749E+00
  3.1767E+00  5.8570E-06 -5.4594E-07  4.4937E+00  9.4191E-11 -4.2303E-14  4.4781E+00
  3.1867E+00  6.1415E-06 -5.6084E-07  4.4982E+00  7.9353E-11 -3.7303E-14  4.4849E+00
  3.1931E+00  6.0239E-06 -5.8120E-07  4.4996E+00  6.8523E-11 -3.2463E-14  4.4880E+00
  3.1967E+00  5.8545E-06 -5.8396E-07  4.5001E+00  6.9054E-11 -3.1999E-14  4.4886E+00
  3.2067E+00  5.8245E-06 -5.8687E-07  4.5020E+00  7.4460E-11 -3.4762E-14  4.4895E+00
  3.2168E+00  6.0610E-06 -5.9473E-07  4.5041E+00  6.7875E-11 -3.2636E-14  4.4927E+00
  3.2264E+00  6.0074E-06 -6.2104E-07  4.5061E+00  5.4854E-11 -2.6730E-14  4.4969E+00
  3.2268E+00  5.9907E-06 -6.2180E-07  4.5062E+00  5.6007E-11 -2.6887E-14  4.4968E+00
  3.2368E+00  5.7796E-06 -6.2378E-07  4.5081E+00  5.8396E-11 -2.7953E-14  4.4984E+00
  3.2468E+00  5.9587E-06 -6.2871E-07  4.5056E+00  5.9165E-11 -2.7553E-14  4.4959E+00
  3.2568E+00  6.1482E-06 -6.4696E-07  4.5080E+00  4.9077E-11 -2.3405E-14  4.4999E+00
  3.2669E+00  5.9463E-06 -6.6292E-07  4.5100E+00  4.3391E-11 -2.0162E-14  4.5029E+00
  3.2769E+00  5.9016E-06 -6.7311E-07  4.5121E+00  4.3098E-11 -1.9837E-14  4.5051E+00
  3.2969E+00  5.9257E-06 -6.9900E-07  4.5164E+00  4.3170E-11 -1.9590E-14  4.5095E+00
