  0.0000E+00  5.4140E-08  1.9728E-07  0.0000E+00  3.5016E-06  0.0000E+00  0.0000E+00
  1.5981E-02  7.0000E-02  1.5470E+00  1.1843E-03  1.0704E-01  1.5616E-05  1.0622E-01
  2.0054E-02  8.3984E-02  1.7315E+00  3.6541E-03  5.1214E+01  3.9028E-02  5.0088E+01
  2.9997E-02  1.1801E-01  1.7802E+00  2.1863E-02  1.0071E+02  1.1276E-01  1.0057E+02
  4.0084E-02  1.5251E-01  1.9693E+00  4.6513E-02  1.2084E+02  3.8253E-01  1.2056E+02
  5.0106E-02  1.8651E-01  2.7819E+00  6.2324E-02  1.3304E+02  6.1844E-01  1.3267E+02
  6.0128E-02  2.2025E-01  3.8526E+00  6.9105E-02  1.4018E+02  7.6304E-01  1.3974E+02
  7.0140E-02  2.5384E-01  4.5520E+00  7.2641E-02  1.4352E+02  8.6103E-01  1.4303E+02
  8.0168E-02  2.8746E-01  4.7091E+00  7.5442E-02  1.4674E+02  9.4043E-01  1.4621E+02
  9.0189E-02  3.2105E-01  4.6928E+00  7.8254E-02  1.5075E+02  1.0175E+00  1.5019E+02
  1.0021E-01  3.5464E-01  4.6851E+00  8.1169E-02  1.5422E+02  1.0946E+00  1.5363E+02
  1.1023E-01  3.8824E-01  4.6848E+00  8.4152E-02  1.5728E+02  1.1747E+00  1.5666E+02
  1.2025E-01  4.2183E-01  4.6850E+00  8.7192E-02  1.6004E+02  1.2547E+00  1.5939E+02
  1.3027E-01  4.5542E-01  4.6852E+00  9.0278E-02  1.6253E+02  1.3320E+00  1.6186E+02
  1.4022E-01  4.8877E-01  4.6853E+00  9.3380E-02  1.6485E+02  1.4062E+00  1.6416E+02
  1.5032E-01  5.2261E-01  4.6854E+00  9.6562E-02  1.6706E+02  1.4775E+00  1.6636E+02
  1.6034E-01  5.5620E-01  4.6855E+00  9.9754E-02  1.6920E+02  1.5457E+00  1.6849E+02
  1.7036E-01  5.8979E-01  4.6856E+00  1.0298E-01  1.7120E+02  1.6082E+00  1.7049E+02
  1.8038E-01  6.2338E-01  4.6857E+00  1.0623E-01  1.7311E+02  1.6677E+00  1.7240E+02
  1.9040E-01  6.5697E-01  4.6857E+00  1.0951E-01  1.7498E+02  1.7258E+00  1.7427E+02
  2.0042E-01  6.9056E-01  4.6858E+00  1.1283E-01  1.7674E+02  1.7817E+00  1.7604E+02
  2.1044E-01  7.2415E-01  4.6858E+00  1.1618E-01  1.7846E+02  1.8377E+00  1.7776E+02
  2.2046E-01  7.5774E-01  4.6859E+00  1.1956E-01  1.8012E+02  1.8931E+00  1.7942E+02
  2.3048E-01  7.9133E-01  4.6859E+00  1.2296E-01  1.8169E+02  1.9477E+00  1.8100E+02
  2.4051E-01  8.2492E-01  4.6860E+00  1.2640E-01  1.8323E+02  2.0029E+00  1.8254E+02
  2.5053E-01  8.5851E-01  4.6860E+00  1.2987E-01  1.8470E+02  2.0581E+00  1.8402E+02
  2.6055E-01  8.9210E-01  4.6861E+00  1.3336E-01  1.8613E+02  2.1132E+00  1.8545E+02
  2.7057E-01  9.2569E-01  4.6861E+00  1.3688E-01  1.8748E+02  2.1681E+00  1.8681E+02
  2.8059E-01  9.5928E-01  4.6862E+00  1.4043E-01  1.8881E+02  2.2235E+00  1.8814E+02
  2.9061E-01  9.9287E-01  4.6862E+00  1.4400E-01  1.9008E+02  2.2788E+00  1.8942E+02
  3.0063E-01  1.0265E+00  4.6862E+00  1.4760E-01  1.9131E+02  2.3340E+00  1.9066E+02
  3.1065E-01  1.0601E+00  4.6863E+00  1.5121E-01  1.9250E+02  2.3894E+00  1.9185E+02
  3.2067E-01  1.0936E+00  4.6863E+00  1.5485E-01  1.9365E+02  2.4449E+00  1.9300E+02
  3.3070E-01  1.1272E+00  4.6864E+00  1.5852E-01  1.9475E+02  2.5004E+00  1.9411E+02
  3.4072E-01  1.1608E+00  4.6864E+00  1.6220E-01  1.9582E+02  2.5561E+00  1.9519E+02
  3.5074E-01  1.1944E+00  4.6864E+00  1.6590E-01  1.9686E+02  2.6118E+00  1.9623E+02
  3.6076E-01  1.2280E+00  4.6865E+00  1.6962E-01  1.9785E+02  2.6675E+00  1.9723E+02
  3.7078E-01  1.2616E+00  4.6865E+00  1.7337E-01  1.9882E+02  2.7234E+00  1.9820E+02
  3.8080E-01  1.2952E+00  4.6865E+00  1.7713E-01  1.9975E+02  2.7793E+00  1.9914E+02
  3.9082E-01  1.3288E+00  4.6866E+00  1.8090E-01  2.0065E+02  2.8352E+00  2.0004E+02
  4.0084E-01  1.3624E+00  4.6866E+00  1.8470E-01  2.0153E+02  2.8912E+00  2.0092E+02
  4.1086E-01  1.3960E+00  4.6866E+00  1.8851E-01  2.0237E+02  2.9473E+00  2.0177E+02
  4.2088E-01  1.4295E+00  4.6867E+00  1.9233E-01  2.0319E+02  3.0033E+00  2.0259E+02
  4.3091E-01  1.4631E+00  4.6867E+00  1.9618E-01  2.0398E+02  3.0595E+00  2.0338E+02
  4.4093E-01  1.4967E+00  4.6867E+00  2.0003E-01  2.0475E+02  3.1159E+00  2.0415E+02
  4.5095E-01  1.5303E+00  4.6868E+00  2.0391E-01  2.0549E+02  3.1725E+00  2.0490E+02
  4.6097E-01  1.5639E+00  4.6868E+00  2.0779E-01  2.0621E+02  3.2293E+00  2.0562E+02
  4.7099E-01  1.5975E+00  4.6868E+00  2.1169E-01  2.0691E+02  3.2862E+00  2.0632E+02
  4.8099E-01  1.6310E+00  4.6868E+00  2.1559E-01  2.0758E+02  3.3432E+00  2.0700E+02
  4.9103E-01  1.6647E+00  4.6869E+00  2.1953E-01  2.0824E+02  3.4003E+00  2.0766E+02
  5.0105E-01  1.6983E+00  4.6869E+00  2.2347E-01  2.0888E+02  3.4576E+00  2.0830E+02
  5.1107E-01  1.7319E+00  4.6869E+00  2.2742E-01  2.0950E+02  3.5152E+00  2.0892E+02
  5.2110E-01  1.7654E+00  4.6869E+00  2.3138E-01  2.1009E+02  3.5729E+00  2.0953E+02
  5.3112E-01  1.7990E+00  4.6870E+00  2.3535E-01  2.1068E+02  3.6311E+00  2.1011E+02
  5.4114E-01  1.8326E+00  4.6870E+00  2.3933E-01  2.1125E+02  3.6893E+00  2.1068E+02
  5.5116E-01  1.8662E+00  4.6870E+00  2.4333E-01  2.1180E+02  3.7478E+00  2.1124E+02
  5.6118E-01  1.8998E+00  4.6870E+00  2.4734E-01  2.1233E+02  3.8064E+00  2.1177E+02
  5.7120E-01  1.9334E+00  4.6871E+00  2.5135E-01  2.1285E+02  3.8651E+00  2.1230E+02
  5.8122E-01  1.9670E+00  4.6871E+00  2.5538E-01  2.1336E+02  3.9240E+00  2.1281E+02
  5.9124E-01  2.0006E+00  4.6871E+00  2.5941E-01  2.1385E+02  3.9830E+00  2.1330E+02
  6.0126E-01  2.0342E+00  4.6871E+00  2.6346E-01  2.1433E+02  4.0422E+00  2.1378E+02
  6.1128E-01  2.0678E+00  4.6872E+00  2.6751E-01  2.1480E+02  4.1017E+00  2.1425E+02
  6.2131E-01  2.1013E+00  4.6872E+00  2.7157E-01  2.1526E+02  4.1616E+00  2.1471E+02
  6.3133E-01  2.1349E+00  4.6872E+00  2.7564E-01  2.1570E+02  4.2216E+00  2.1515E+02
  6.4135E-01  2.1685E+00  4.6872E+00  2.7972E-01  2.1613E+02  4.2818E+00  2.1559E+02
  6.5137E-01  2.2021E+00  4.6872E+00  2.8381E-01  2.1655E+02  4.3422E+00  2.1601E+02
  6.6139E-01  2.2357E+00  4.6873E+00  2.8791E-01  2.1696E+02  4.4028E+00  2.1642E+02
  6.7141E-01  2.2693E+00  4.6873E+00  2.9201E-01  2.1736E+02  4.4636E+00  2.1682E+02
  6.8142E-01  2.3029E+00  4.6873E+00  2.9612E-01  2.1775E+02  4.5245E+00  2.1722E+02
  6.9145E-01  2.3365E+00  4.6873E+00  3.0024E-01  2.1813E+02  4.5856E+00  2.1760E+02
  7.0147E-01  2.3701E+00  4.6873E+00  3.0437E-01  2.1850E+02  4.6470E+00  2.1797E+02
  7.1150E-01  2.4037E+00  4.6873E+00  3.0850E-01  2.1887E+02  4.7085E+00  2.1833E+02
  7.2152E-01  2.4373E+00  4.6874E+00  3.1264E-01  2.1922E+02  4.7703E+00  2.1869E+02
  7.3154E-01  2.4708E+00  4.6874E+00  3.1679E-01  2.1957E+02  4.8323E+00  2.1904E+02
  7.4156E-01  2.5044E+00  4.6874E+00  3.2094E-01  2.1990E+02  4.8945E+00  2.1937E+02
  7.5158E-01  2.5380E+00  4.6874E+00  3.2510E-01  2.2023E+02  4.9569E+00  2.1970E+02
  7.6160E-01  2.5716E+00  4.6874E+00  3.2926E-01  2.2055E+02  5.0195E+00  2.2003E+02
  7.7162E-01  2.6052E+00  4.6874E+00  3.3344E-01  2.2087E+02  5.0823E+00  2.2034E+02
  7.8164E-01  2.6388E+00  4.6875E+00  3.3762E-01  2.2118E+02  5.1454E+00  2.2065E+02
  7.9166E-01  2.6724E+00  4.6875E+00  3.4180E-01  2.2148E+02  5.2086E+00  2.2095E+02
  8.0169E-01  2.7060E+00  4.6875E+00  3.4599E-01  2.2177E+02  5.2719E+00  2.2125E+02
  8.1171E-01  2.7396E+00  4.6875E+00  3.5018E-01  2.2206E+02  5.3354E+00  2.2154E+02
  8.2173E-01  2.7732E+00  4.6875E+00  3.5439E-01  2.2234E+02  5.3990E+00  2.2182E+02
  8.3175E-01  2.8067E+00  4.6875E+00  3.5859E-01  2.2262E+02  5.4628E+00  2.2209E+02
  8.4177E-01  2.8403E+00  4.6875E+00  3.6280E-01  2.2288E+02  5.5267E+00  2.2236E+02
  8.5179E-01  2.8739E+00  4.6876E+00  3.6702E-01  2.2315E+02  5.5909E+00  2.2263E+02
  8.6181E-01  2.9075E+00  4.6876E+00  3.7124E-01  2.2341E+02  5.6553E+00  2.2289E+02
  8.7183E-01  2.9411E+00  4.6876E+00  3.7547E-01  2.2366E+02  5.7198E+00  2.2314E+02
  8.8185E-01  2.9747E+00  4.6876E+00  3.7970E-01  2.2391E+02  5.7846E+00  2.2339E+02
  8.9187E-01  3.0083E+00  4.6876E+00  3.8394E-01  2.2415E+02  5.8494E+00  2.2363E+02
  8.9405E-01  3.0156E+00  4.6876E+00  3.8486E-01  2.2420E+02  5.8636E+00  2.2368E+02
  9.0190E-01  3.0419E+00  4.6876E+00  3.8818E-01  2.2439E+02  5.9144E+00  2.2387E+02
  9.1192E-01  3.0755E+00  4.6876E+00  3.9242E-01  2.2462E+02  5.9797E+00  2.2410E+02
  9.2194E-01  3.1091E+00  4.6876E+00  3.9667E-01  2.2485E+02  6.0451E+00  2.2433E+02
  9.3196E-01  3.1427E+00  4.6877E+00  4.0093E-01  2.2507E+02  6.1106E+00  2.2455E+02
  9.4198E-01  3.1762E+00  4.6877E+00  4.0518E-01  2.2529E+02  6.1763E+00  2.2477E+02
  9.5200E-01  3.2098E+00  4.6877E+00  4.0945E-01  2.2550E+02  6.2421E+00  2.2499E+02
  9.6202E-01  3.2434E+00  4.6877E+00  4.1371E-01  2.2571E+02  6.3082E+00  2.2520E+02
  9.7204E-01  3.2770E+00  4.6877E+00  4.1798E-01  2.2592E+02  6.3743E+00  2.2541E+02
  9.8030E-01  3.3047E+00  4.6877E+00  4.2151E-01  2.2609E+02  6.4289E+00  2.2557E+02
  9.8206E-01  3.3106E+00  4.6877E+00  4.2226E-01  2.2612E+02  6.4406E+00  2.2561E+02
  9.9208E-01  3.3442E+00  4.6877E+00  4.2654E-01  2.2632E+02  6.5070E+00  2.2581E+02
  1.0021E+00  3.3778E+00  4.6877E+00  4.3082E-01  2.2652E+02  6.5737E+00  2.2600E+02
  1.0121E+00  3.4114E+00  4.6877E+00  4.3511E-01  2.2671E+02  6.6405E+00  2.2620E+02
  1.0221E+00  3.4450E+00  4.6877E+00  4.3940E-01  2.2690E+02  6.7075E+00  2.2639E+02
  1.0322E+00  3.4786E+00  4.6878E+00  4.4369E-01  2.2708E+02  6.7746E+00  2.2657E+02
  1.0422E+00  3.5121E+00  4.6878E+00  4.4799E-01  2.2727E+02  6.8418E+00  2.2675E+02
  1.0522E+00  3.5457E+00  4.6878E+00  4.5229E-01  2.2744E+02  6.9092E+00  2.2693E+02
  1.0622E+00  3.5793E+00  4.6878E+00  4.5659E-01  2.2762E+02  6.9768E+00  2.2711E+02
  1.0723E+00  3.6129E+00  4.6878E+00  4.6090E-01  2.2779E+02  7.0445E+00  2.2728E+02
  1.0823E+00  3.6465E+00  4.6878E+00  4.6521E-01  2.2796E+02  7.1123E+00  2.2745E+02
  1.0923E+00  3.6801E+00  4.6878E+00  4.6952E-01  2.2813E+02  7.1802E+00  2.2761E+02
  1.1023E+00  3.7137E+00  4.6878E+00  4.7384E-01  2.2829E+02  7.2483E+00  2.2778E+02
  1.1123E+00  3.7473E+00  4.6878E+00  4.7816E-01  2.2845E+02  7.3166E+00  2.2794E+02
  1.1224E+00  3.7809E+00  4.6878E+00  4.8248E-01  2.2861E+02  7.3850E+00  2.2810E+02
  1.1324E+00  3.8145E+00  4.6878E+00  4.8681E-01  2.2877E+02  7.4534E+00  2.2825E+02
  1.1424E+00  3.8480E+00  4.6879E+00  4.9114E-01  2.2892E+02  7.5220E+00  2.2841E+02
  1.1524E+00  3.8816E+00  4.6879E+00  4.9547E-01  2.2907E+02  7.5908E+00  2.2856E+02
  1.1624E+00  3.9152E+00  4.6879E+00  4.9980E-01  2.2922E+02  7.6596E+00  2.2870E+02
  1.1725E+00  3.9488E+00  4.6879E+00  5.0414E-01  2.2936E+02  7.7286E+00  2.2885E+02
  1.1825E+00  3.9824E+00  4.6879E+00  5.0848E-01  2.2950E+02  7.7976E+00  2.2899E+02
  1.1925E+00  4.0160E+00  4.6879E+00  5.1283E-01  2.2965E+02  7.8668E+00  2.2913E+02
  1.2025E+00  4.0496E+00  4.6873E+00  5.1717E-01  2.2971E+02  7.9347E+00  2.2919E+02
  1.2125E+00  4.0832E+00  4.6836E+00  5.2152E-01  2.2949E+02  7.9956E+00  2.2898E+02
  1.2226E+00  4.1168E+00  4.6751E+00  5.2588E-01  2.2887E+02  8.0484E+00  2.2836E+02
  1.2326E+00  4.1504E+00  4.7042E+00  5.3023E-01  2.3029E+02  8.1136E+00  2.2979E+02
  1.2426E+00  4.1840E+00  4.8506E+00  5.3442E-01  2.3220E+02  8.1317E+00  2.3170E+02
  1.2526E+00  4.2175E+00  5.0394E+00  5.3821E-01  2.2963E+02  8.1133E+00  2.2913E+02
  1.2597E+00  4.2413E+00  5.1238E+00  5.4066E-01  2.2594E+02  8.1259E+00  2.2543E+02
  1.2627E+00  4.2511E+00  5.1475E+00  5.4163E-01  2.2554E+02  8.1947E+00  2.2503E+02
  1.2727E+00  4.2847E+00  5.2683E+00  5.4484E-01  2.2678E+02  8.2188E+00  2.2627E+02
  1.2827E+00  4.3182E+00  5.4590E+00  5.4782E-01  2.2584E+02  8.1812E+00  2.2534E+02
  1.2927E+00  4.3518E+00  5.5972E+00  5.5050E-01  2.2077E+02  8.1540E+00  2.2027E+02
  1.2931E+00  4.3529E+00  5.6003E+00  5.5058E-01  2.2063E+02  8.1561E+00  2.2013E+02
  1.3027E+00  4.3853E+00  5.6952E+00  5.5300E-01  2.2098E+02  8.2404E+00  2.2048E+02
  1.3128E+00  4.4188E+00  5.8745E+00  5.5536E-01  2.2160E+02  8.2043E+00  2.2111E+02
  1.3228E+00  4.4524E+00  6.0424E+00  5.5750E-01  2.1719E+02  8.1423E+00  2.1669E+02
  1.3264E+00  4.4645E+00  6.0789E+00  5.5822E-01  2.1544E+02  8.1533E+00  2.1495E+02
  1.3328E+00  4.4859E+00  6.1355E+00  5.5948E-01  2.1527E+02  8.2316E+00  2.1476E+02
  1.3428E+00  4.5194E+00  6.2914E+00  5.6136E-01  2.1678E+02  8.1855E+00  2.1629E+02
  1.3528E+00  4.5529E+00  6.4800E+00  5.6309E-01  2.1393E+02  8.0984E+00  2.1345E+02
  1.3597E+00  4.5760E+00  6.5611E+00  5.6420E-01  2.1027E+02  8.0880E+00  2.0978E+02
  1.3629E+00  4.5865E+00  6.5869E+00  5.6468E-01  2.0988E+02  8.1525E+00  2.0938E+02
  1.3729E+00  4.6200E+00  6.7117E+00  5.6620E-01  2.1129E+02  8.1403E+00  2.1080E+02
  1.3829E+00  4.6535E+00  6.9039E+00  5.6761E-01  2.1018E+02  8.0692E+00  2.0970E+02
  1.3929E+00  4.6870E+00  7.0399E+00  5.6891E-01  2.0499E+02  8.0179E+00  2.0451E+02
  1.3931E+00  4.6875E+00  7.0412E+00  5.6893E-01  2.0494E+02  8.0185E+00  2.0446E+02
  1.4029E+00  4.7205E+00  7.1406E+00  5.7014E-01  2.0545E+02  8.0829E+00  2.0496E+02
  1.4130E+00  4.7540E+00  7.3227E+00  5.7131E-01  2.0601E+02  8.0218E+00  2.0553E+02
  1.4230E+00  4.7875E+00  7.4889E+00  5.7239E-01  2.0142E+02  7.9395E+00  2.0094E+02
  1.4264E+00  4.7989E+00  7.5230E+00  5.7273E-01  1.9980E+02  7.9464E+00  1.9931E+02
  1.4330E+00  4.8210E+00  7.5826E+00  5.7339E-01  1.9973E+02  8.0174E+00  1.9924E+02
  1.4430E+00  4.8545E+00  7.7419E+00  5.7436E-01  2.0125E+02  7.9435E+00  2.0077E+02
  1.4531E+00  4.8880E+00  7.9300E+00  5.7526E-01  1.9819E+02  7.8307E+00  1.9772E+02
  1.4597E+00  4.9103E+00  8.0078E+00  5.7582E-01  1.9463E+02  7.8151E+00  1.9416E+02
  1.4631E+00  4.9214E+00  8.0357E+00  5.7609E-01  1.9425E+02  7.8792E+00  1.9377E+02
  1.4731E+00  4.9549E+00  8.1638E+00  5.7689E-01  1.9579E+02  7.8528E+00  1.9532E+02
  1.4831E+00  4.9884E+00  8.3569E+00  5.7765E-01  1.9455E+02  7.7695E+00  1.9408E+02
  1.4931E+00  5.0217E+00  8.4902E+00  5.7835E-01  1.8936E+02  7.7129E+00  1.8889E+02
  1.5032E+00  5.0554E+00  8.5938E+00  5.7902E-01  1.9001E+02  7.7693E+00  1.8954E+02
  1.5132E+00  5.0889E+00  8.7781E+00  5.7966E-01  1.9051E+02  7.6996E+00  1.9005E+02
  1.5232E+00  5.1223E+00  8.9424E+00  5.8026E-01  1.8580E+02  7.6118E+00  1.8534E+02
  1.5264E+00  5.1330E+00  8.9742E+00  5.8044E-01  1.8431E+02  7.6179E+00  1.8384E+02
  1.5332E+00  5.1558E+00  9.0367E+00  5.8082E-01  1.8434E+02  7.6858E+00  1.8386E+02
  1.5432E+00  5.1893E+00  9.1990E+00  5.8136E-01  1.8583E+02  7.5984E+00  1.8537E+02
  1.5533E+00  5.2228E+00  9.3863E+00  5.8187E-01  1.8261E+02  7.4736E+00  1.8216E+02
  1.5597E+00  5.2444E+00  9.4609E+00  5.8218E-01  1.7918E+02  7.4576E+00  1.7873E+02
  1.5633E+00  5.2562E+00  9.4908E+00  5.8235E-01  1.7883E+02  7.5220E+00  1.7836E+02
  1.5733E+00  5.2897E+00  9.6219E+00  5.8281E-01  1.8045E+02  7.4887E+00  1.7999E+02
  1.5833E+00  5.3232E+00  9.8155E+00  5.8325E-01  1.7909E+02  7.4002E+00  1.7864E+02
  1.5931E+00  5.3557E+00  9.9449E+00  5.8365E-01  1.7400E+02  7.3436E+00  1.7354E+02
  1.5933E+00  5.3566E+00  9.9467E+00  5.8366E-01  1.7419E+02  7.3901E+00  1.7373E+02
  1.6034E+00  5.3901E+00  1.0052E+01  5.8405E-01  1.7476E+02  7.3949E+00  1.7430E+02
  1.6134E+00  5.4236E+00  1.0239E+01  5.8442E-01  1.7520E+02  7.3222E+00  1.7475E+02
  1.6234E+00  5.4570E+00  1.0401E+01  5.8478E-01  1.7040E+02  7.2334E+00  1.6995E+02
  1.6264E+00  5.4670E+00  1.0430E+01  5.8488E-01  1.6904E+02  7.2394E+00  1.6859E+02
  1.6334E+00  5.4905E+00  1.0496E+01  5.8511E-01  1.6916E+02  7.3054E+00  1.6870E+02
  1.6435E+00  5.5240E+00  1.0661E+01  5.8544E-01  1.7062E+02  7.2149E+00  1.7017E+02
  1.6535E+00  5.5574E+00  1.0847E+01  5.8574E-01  1.6725E+02  7.0880E+00  1.6681E+02
  1.6597E+00  5.5783E+00  1.0919E+01  5.8593E-01  1.6396E+02  7.0732E+00  1.6351E+02
  1.6635E+00  5.5909E+00  1.0951E+01  5.8603E-01  1.6362E+02  7.1379E+00  1.6317E+02
  1.6735E+00  5.6243E+00  1.1084E+01  5.8631E-01  1.6532E+02  7.1000E+00  1.6488E+02
  1.6835E+00  5.6578E+00  1.1278E+01  5.8658E-01  1.6385E+02  7.0090E+00  1.6341E+02
  1.6931E+00  5.6896E+00  1.1404E+01  5.8682E-01  1.5886E+02  6.9543E+00  1.5841E+02
  1.6936E+00  5.6913E+00  1.1407E+01  5.8683E-01  1.5898E+02  7.0016E+00  1.5853E+02
  1.7036E+00  5.7247E+00  1.1515E+01  5.8707E-01  1.5972E+02  7.0019E+00  1.5928E+02
  1.7136E+00  5.7582E+00  1.1703E+01  5.8730E-01  1.6009E+02  6.9281E+00  1.5965E+02
  1.7236E+00  5.7916E+00  1.1864E+01  5.8753E-01  1.5522E+02  6.8406E+00  1.5479E+02
  1.7264E+00  5.8009E+00  1.1891E+01  5.8758E-01  1.5399E+02  6.8465E+00  1.5355E+02
  1.7336E+00  5.8251E+00  1.1959E+01  5.8773E-01  1.5420E+02  6.9106E+00  1.5376E+02
  1.7437E+00  5.8585E+00  1.2126E+01  5.8794E-01  1.5561E+02  6.8247E+00  1.5518E+02
  1.7537E+00  5.8920E+00  1.2311E+01  5.8813E-01  1.5211E+02  6.7040E+00  1.5169E+02
  1.7597E+00  5.9122E+00  1.2380E+01  5.8824E-01  1.4896E+02  6.6910E+00  1.4853E+02
  1.7637E+00  5.9254E+00  1.2414E+01  5.8831E-01  1.4866E+02  6.7556E+00  1.4821E+02
  1.7737E+00  5.9589E+00  1.2550E+01  5.8849E-01  1.5041E+02  6.7149E+00  1.4997E+02
  1.7837E+00  5.9923E+00  1.2744E+01  5.8866E-01  1.4882E+02  6.6235E+00  1.4839E+02
  1.7931E+00  6.0235E+00  1.2866E+01  5.8881E-01  1.4394E+02  6.5717E+00  1.4351E+02
  1.7938E+00  6.0258E+00  1.2871E+01  5.8882E-01  1.4401E+02  6.6196E+00  1.4357E+02
  1.8038E+00  6.0592E+00  1.2981E+01  5.8897E-01  1.4490E+02  6.6162E+00  1.4446E+02
  1.8138E+00  6.0927E+00  1.3171E+01  5.8912E-01  1.4519E+02  6.5407E+00  1.4476E+02
  1.8238E+00  6.1261E+00  1.3329E+01  5.8926E-01  1.4027E+02  6.4561E+00  1.3984E+02
  1.8264E+00  6.1347E+00  1.3354E+01  5.8930E-01  1.3916E+02  6.4620E+00  1.3873E+02
  1.8339E+00  6.1596E+00  1.3425E+01  5.8940E-01  1.3946E+02  6.5241E+00  1.3902E+02
  1.8439E+00  6.1930E+00  1.3594E+01  5.8953E-01  1.4082E+02  6.4468E+00  1.4039E+02
  1.8539E+00  6.2265E+00  1.3778E+01  5.8965E-01  1.3720E+02  6.3366E+00  1.3678E+02
  1.8597E+00  6.2460E+00  1.3844E+01  5.8972E-01  1.3419E+02  6.3253E+00  1.3376E+02
  1.8639E+00  6.2599E+00  1.3880E+01  5.8977E-01  1.3392E+02  6.3896E+00  1.3348E+02
  1.8739E+00  6.2934E+00  1.4019E+01  5.8989E-01  1.3570E+02  6.3469E+00  1.3528E+02
  1.8840E+00  6.3268E+00  1.4213E+01  5.9000E-01  1.3401E+02  6.2561E+00  1.3359E+02
  1.8931E+00  6.3572E+00  1.4331E+01  5.9009E-01  1.2925E+02  6.2077E+00  1.2882E+02
  1.8940E+00  6.3603E+00  1.4338E+01  5.9010E-01  1.2927E+02  6.2560E+00  1.2883E+02
  1.9040E+00  6.3937E+00  1.4450E+01  5.9020E-01  1.3029E+02  6.2496E+00  1.2986E+02
  1.9140E+00  6.4272E+00  1.4640E+01  5.9030E-01  1.3048E+02  6.1706E+00  1.3006E+02
  1.9240E+00  6.4606E+00  1.4797E+01  5.9040E-01  1.2552E+02  6.0898E+00  1.2510E+02
  1.9264E+00  6.4685E+00  1.4820E+01  5.9042E-01  1.2454E+02  6.0955E+00  1.2411E+02
  1.9341E+00  6.4941E+00  1.4894E+01  5.9048E-01  1.2491E+02  6.1553E+00  1.2448E+02
  1.9441E+00  6.5275E+00  1.5065E+01  5.9057E-01  1.2623E+02  6.0870E+00  1.2581E+02
  1.9541E+00  6.5610E+00  1.5248E+01  5.9065E-01  1.2250E+02  5.9882E+00  1.2208E+02
  1.9597E+00  6.5797E+00  1.5310E+01  5.9070E-01  1.1963E+02  5.9787E+00  1.1920E+02
  1.9641E+00  6.5944E+00  1.5348E+01  5.9073E-01  1.1939E+02  6.0423E+00  1.1895E+02
  1.9741E+00  6.6278E+00  1.5490E+01  5.9081E-01  1.2121E+02  5.9982E+00  1.2078E+02
  1.9842E+00  6.6613E+00  1.5684E+01  5.9088E-01  1.1940E+02  5.9097E+00  1.1899E+02
  1.9931E+00  6.6910E+00  1.5798E+01  5.9095E-01  1.1476E+02  5.8655E+00  1.1433E+02
  1.9942E+00  6.6947E+00  1.5807E+01  5.9095E-01  1.1473E+02  5.9140E+00  1.1430E+02
  2.0042E+00  6.7282E+00  1.5921E+01  5.9102E-01  1.1588E+02  5.9052E+00  1.1545E+02
  2.0142E+00  6.7616E+00  1.6112E+01  5.9109E-01  1.1596E+02  5.8192E+00  1.1554E+02
  2.0243E+00  6.7951E+00  1.6267E+01  5.9115E-01  1.1097E+02  5.7439E+00  1.1054E+02
  2.0264E+00  6.8022E+00  1.6287E+01  5.9116E-01  1.1009E+02  5.7492E+00  1.0966E+02
  2.0343E+00  6.8285E+00  1.6364E+01  5.9121E-01  1.1055E+02  5.8067E+00  1.1011E+02
  2.0443E+00  6.8619E+00  1.6538E+01  5.9127E-01  1.1181E+02  5.7454E+00  1.1139E+02
  2.0543E+00  6.8954E+00  1.6719E+01  5.9133E-01  1.0799E+02  5.6563E+00  1.0757E+02
  2.0597E+00  6.9135E+00  1.6779E+01  5.9136E-01  1.0527E+02  5.6488E+00  1.0483E+02
  2.0643E+00  6.9288E+00  1.6819E+01  5.9138E-01  1.0506E+02  5.7110E+00  1.0462E+02
  2.0744E+00  6.9623E+00  1.6963E+01  5.9143E-01  1.0690E+02  5.6667E+00  1.0647E+02
  2.0844E+00  6.9957E+00  1.7156E+01  5.9148E-01  1.0499E+02  5.5816E+00  1.0456E+02
  2.0931E+00  7.0247E+00  1.7267E+01  5.9152E-01  1.0047E+02  5.5418E+00  1.0003E+02
  2.0944E+00  7.0292E+00  1.7278E+01  5.9153E-01  1.0040E+02  5.5901E+00  9.9951E+01
  2.1044E+00  7.0626E+00  1.7393E+01  5.9158E-01  1.0166E+02  5.5794E+00  1.0122E+02
  2.1144E+00  7.0960E+00  1.7586E+01  5.9162E-01  1.0159E+02  5.4827E+00  1.0117E+02
  2.1245E+00  7.1295E+00  1.7739E+01  5.9167E-01  9.6575E+01  5.4132E+00  9.6140E+01
  2.1264E+00  7.1359E+00  1.7757E+01  5.9167E-01  9.5808E+01  5.4180E+00  9.5370E+01
  2.1345E+00  7.1629E+00  1.7837E+01  5.9171E-01  9.6344E+01  5.4728E+00  9.5899E+01
  2.1445E+00  7.1964E+00  1.8012E+01  5.9175E-01  9.7562E+01  5.4148E+00  9.7132E+01
  2.1545E+00  7.2298E+00  1.8192E+01  5.9179E-01  9.3651E+01  5.3322E+00  9.3217E+01
  2.1597E+00  7.2472E+00  1.8249E+01  5.9181E-01  9.1067E+01  5.3263E+00  9.0621E+01
  2.1645E+00  7.2632E+00  1.8291E+01  5.9182E-01  9.0901E+01  5.3866E+00  9.0444E+01
  2.1746E+00  7.2967E+00  1.8437E+01  5.9186E-01  9.2746E+01  5.3429E+00  9.2306E+01
  2.1846E+00  7.3301E+00  1.8631E+01  5.9189E-01  9.0730E+01  5.2626E+00  9.0293E+01
  2.1931E+00  7.3584E+00  1.8738E+01  5.9192E-01  8.6335E+01  5.2276E+00  8.5882E+01
  2.1946E+00  7.3635E+00  1.8750E+01  5.9193E-01  8.6232E+01  5.2753E+00  8.5770E+01
  2.2046E+00  7.3970E+00  1.8868E+01  5.9196E-01  8.7594E+01  5.2632E+00  8.7142E+01
  2.2147E+00  7.4304E+00  1.9062E+01  5.9199E-01  8.7368E+01  5.1559E+00  8.6933E+01
  2.2247E+00  7.4639E+00  1.9212E+01  5.9202E-01  8.2331E+01  5.0939E+00  8.1880E+01
  2.2264E+00  7.4696E+00  1.9228E+01  5.9202E-01  8.1668E+01  5.0980E+00  8.1213E+01
  2.2347E+00  7.4973E+00  1.9311E+01  5.9205E-01  8.2282E+01  5.1496E+00  8.1821E+01
  2.2447E+00  7.5307E+00  1.9488E+01  5.9207E-01  8.3448E+01  5.0952E+00  8.3004E+01
  2.2547E+00  7.5642E+00  1.9667E+01  5.9210E-01  7.9456E+01  5.0197E+00  7.9002E+01
  2.2597E+00  7.5808E+00  1.9721E+01  5.9211E-01  7.7011E+01  5.0154E+00  7.6544E+01
  2.2648E+00  7.5976E+00  1.9765E+01  5.9212E-01  7.6887E+01  5.0728E+00  7.6408E+01
  2.2748E+00  7.6310E+00  1.9913E+01  5.9215E-01  7.8733E+01  5.0313E+00  7.8274E+01
  2.2848E+00  7.6645E+00  2.0106E+01  5.9217E-01  7.6612E+01  4.9581E+00  7.6153E+01
  2.2931E+00  7.6921E+00  2.0210E+01  5.9219E-01  7.2344E+01  4.9282E+00  7.1864E+01
  2.2948E+00  7.6979E+00  2.0224E+01  5.9219E-01  7.2212E+01  4.9744E+00  7.1722E+01
  2.3048E+00  7.7314E+00  2.0344E+01  5.9222E-01  7.3668E+01  4.9617E+00  7.3190E+01
  2.3149E+00  7.7648E+00  2.0538E+01  5.9224E-01  7.3264E+01  4.8476E+00  7.2805E+01
  2.3249E+00  7.7982E+00  2.0687E+01  5.9226E-01  6.8217E+01  4.7937E+00  6.7735E+01
  2.3264E+00  7.8033E+00  2.0701E+01  5.9226E-01  6.7655E+01  4.7972E+00  6.7168E+01
  2.3349E+00  7.8317E+00  2.0787E+01  5.9228E-01  6.8344E+01  4.8449E+00  6.7852E+01
  2.3449E+00  7.8651E+00  2.0966E+01  5.9229E-01  6.9455E+01  4.7956E+00  6.8982E+01
  2.3550E+00  7.8985E+00  2.1143E+01  5.9231E-01  6.5386E+01  4.7286E+00  6.4897E+01
  2.3597E+00  7.9145E+00  2.1194E+01  5.9232E-01  6.3081E+01  4.7256E+00  6.2574E+01
  2.3650E+00  7.9320E+00  2.1240E+01  5.9233E-01  6.3002E+01  4.7791E+00  6.2483E+01
  2.3750E+00  7.9654E+00  2.1391E+01  5.9234E-01  6.4843E+01  4.7411E+00  6.4347E+01
  2.3850E+00  7.9988E+00  2.1584E+01  5.9236E-01  6.2618E+01  4.6760E+00  6.2119E+01
  2.3931E+00  8.0257E+00  2.1683E+01  5.9237E-01  5.8482E+01  4.6511E+00  5.7953E+01
  2.3950E+00  8.0323E+00  2.1700E+01  5.9237E-01  5.8328E+01  4.6950E+00  5.7787E+01
  2.4051E+00  8.0657E+00  2.1821E+01  5.9239E-01  5.9867E+01  4.6821E+00  5.9343E+01
  2.4151E+00  8.0992E+00  2.2016E+01  5.9240E-01  5.9280E+01  4.5680E+00  5.8776E+01
  2.4251E+00  8.1326E+00  2.2163E+01  5.9241E-01  5.4237E+01  4.5231E+00  5.3697E+01
  2.4264E+00  8.1369E+00  2.2175E+01  5.9242E-01  5.3770E+01  4.5258E+00  5.3224E+01
  2.4351E+00  8.1660E+00  2.2264E+01  5.9243E-01  5.4533E+01  4.5692E+00  5.3985E+01
  2.4451E+00  8.1995E+00  2.2444E+01  5.9244E-01  5.5585E+01  4.5268E+00  5.5057E+01
  2.4552E+00  8.2329E+00  2.2620E+01  5.9245E-01  5.1448E+01  4.4703E+00  5.0892E+01
  2.4597E+00  8.2482E+00  2.2668E+01  5.9245E-01  4.9283E+01  4.4683E+00  4.8703E+01
  2.4652E+00  8.2663E+00  2.2717E+01  5.9246E-01  4.9253E+01  4.5170E+00  4.8659E+01
  2.4752E+00  8.2998E+00  2.2869E+01  5.9247E-01  5.1078E+01  4.4842E+00  5.0514E+01
  2.4852E+00  8.3332E+00  2.3062E+01  5.9248E-01  4.8755E+01  4.4299E+00  4.8179E+01
  2.4931E+00  8.3594E+00  2.3158E+01  5.9249E-01  4.4760E+01  4.4104E+00  4.4136E+01
  2.4952E+00  8.3666E+00  2.3176E+01  5.9249E-01  4.4589E+01  4.4508E+00  4.3952E+01
  2.5053E+00  8.4001E+00  2.3300E+01  5.9250E-01  4.6199E+01  4.4390E+00  4.5587E+01
  2.5153E+00  8.4335E+00  2.3496E+01  5.9250E-01  4.5436E+01  4.3381E+00  4.4842E+01
  2.5253E+00  8.4669E+00  2.3640E+01  5.9251E-01  4.0417E+01  4.3030E+00  3.9760E+01
  2.5264E+00  8.4706E+00  2.3650E+01  5.9251E-01  4.0041E+01  4.3048E+00  3.9376E+01
  2.5353E+00  8.5004E+00  2.3742E+01  5.9252E-01  4.0876E+01  4.3435E+00  4.0213E+01
  2.5454E+00  8.5338E+00  2.3924E+01  5.9253E-01  4.1861E+01  4.3094E+00  4.1224E+01
  2.5554E+00  8.5672E+00  2.4098E+01  5.9253E-01  3.7676E+01  4.2648E+00  3.6982E+01
  2.5597E+00  8.5818E+00  2.4143E+01  5.9254E-01  3.5658E+01  4.2634E+00  3.4925E+01
  2.5654E+00  8.6007E+00  2.4195E+01  5.9254E-01  3.5679E+01  4.3062E+00  3.4931E+01
  2.5754E+00  8.6341E+00  2.4349E+01  5.9255E-01  3.7474E+01  4.2796E+00  3.6772E+01
  2.5854E+00  8.6675E+00  2.4541E+01  5.9255E-01  3.5067E+01  4.2369E+00  3.4330E+01
  2.5931E+00  8.6930E+00  2.4634E+01  5.9256E-01  3.1236E+01  4.2224E+00  3.0413E+01
  2.5955E+00  8.7010E+00  2.4654E+01  5.9256E-01  3.1057E+01  4.2583E+00  3.0215E+01
  2.6055E+00  8.7344E+00  2.4779E+01  5.9256E-01  3.2717E+01  4.2484E+00  3.1922E+01
  2.6155E+00  8.7678E+00  2.4976E+01  5.9257E-01  3.1802E+01  4.1726E+00  3.1013E+01
  2.6255E+00  8.8013E+00  2.5118E+01  5.9257E-01  2.6862E+01  4.1469E+00  2.5934E+01
  2.6264E+00  8.8042E+00  2.5126E+01  5.9257E-01  2.6573E+01  4.1480E+00  2.5634E+01
  2.6355E+00  8.8347E+00  2.5221E+01  5.9257E-01  2.7468E+01  4.1816E+00  2.6547E+01
  2.6456E+00  8.8681E+00  2.5405E+01  5.9258E-01  2.8376E+01  4.1563E+00  2.7496E+01
  2.6556E+00  8.9016E+00  2.5577E+01  5.9258E-01  2.4201E+01  4.1243E+00  2.3179E+01
  2.6597E+00  8.9154E+00  2.5620E+01  5.9258E-01  2.2362E+01  4.1232E+00  2.1252E+01
  2.6656E+00  8.9350E+00  2.5673E+01  5.9259E-01  2.2436E+01  4.1593E+00  2.1310E+01
  2.6756E+00  8.9684E+00  2.5830E+01  5.9259E-01  2.4163E+01  4.1408E+00  2.3131E+01
  2.6856E+00  9.0019E+00  2.6021E+01  5.9259E-01  2.1722E+01  4.1123E+00  2.0584E+01
  2.6931E+00  9.0266E+00  2.6110E+01  5.9259E-01  1.8163E+01  4.1026E+00  1.6792E+01
  2.6957E+00  9.0353E+00  2.6132E+01  5.9259E-01  1.7992E+01  4.1332E+00  1.6585E+01
  2.7057E+00  9.0687E+00  2.6260E+01  5.9260E-01  1.9633E+01  4.1267E+00  1.8357E+01
  2.7157E+00  9.1022E+00  2.6457E+01  5.9260E-01  1.8621E+01  4.0810E+00  1.7301E+01
  2.7257E+00  9.1356E+00  2.6597E+01  5.9260E-01  1.4023E+01  4.0651E+00  1.2231E+01
  2.7264E+00  9.1379E+00  2.6603E+01  5.9260E-01  1.3832E+01  4.0656E+00  1.2011E+01
  2.7358E+00  9.1690E+00  2.6701E+01  5.9260E-01  1.4720E+01  4.0939E+00  1.2998E+01
  2.7458E+00  9.2025E+00  2.6886E+01  5.9260E-01  1.5494E+01  4.0789E+00  1.3881E+01
  2.7558E+00  9.2359E+00  2.7056E+01  5.9260E-01  1.1708E+01  4.0608E+00  9.4930E+00
  2.7597E+00  9.2491E+00  2.7097E+01  5.9260E-01  1.0302E+01  4.0597E+00  7.6940E+00
  2.7658E+00  9.2693E+00  2.7153E+01  5.9261E-01  1.0418E+01  4.0885E+00  7.8062E+00
  2.7758E+00  9.3028E+00  2.7312E+01  5.9261E-01  1.1814E+01  4.0803E+00  9.6002E+00
  2.7859E+00  9.3362E+00  2.7502E+01  5.9261E-01  9.7652E+00  4.0680E+00  6.9452E+00
  2.7931E+00  9.3603E+00  2.7588E+01  5.9261E-01  7.5994E+00  4.0625E+00  3.2796E+00
  2.7959E+00  9.3696E+00  2.7612E+01  5.9261E-01  7.5488E+00  4.0868E+00  3.0700E+00
  2.8059E+00  9.4031E+00  2.7742E+01  5.9261E-01  8.4555E+00  4.0844E+00  4.8981E+00
  2.8159E+00  9.4365E+00  2.7939E+01  5.9261E-01  7.8004E+00  4.0648E+00  3.7146E+00
  2.8259E+00  9.4699E+00  2.8077E+01  5.9261E-01  6.9767E+00  4.0576E+00 -1.3384E+00
  2.8264E+00  9.4715E+00  2.8081E+01  5.9261E-01  7.0062E+00  4.0577E+00 -1.4841E+00
  2.8360E+00  9.5034E+00  2.8182E+01  5.9261E-01  6.8990E+00  4.0807E+00 -4.2336E-01
  2.8460E+00  9.5368E+00  2.8369E+01  5.9261E-01  6.8887E+00  4.0757E+00  3.9302E-01
  2.8560E+00  9.5702E+00  2.8537E+01  5.9261E-01  7.9802E+00  4.0707E+00 -4.0618E+00
  2.8597E+00  9.5827E+00  2.8575E+01  5.9261E-01  8.9468E+00  4.0694E+00 -5.7351E+00
  2.8660E+00  9.6037E+00  2.8634E+01  5.9261E-01  8.8677E+00  4.0907E+00 -5.5664E+00
  2.8760E+00  9.6371E+00  2.8794E+01  5.9261E-01  7.8871E+00  4.0935E+00 -3.8067E+00
  2.8861E+00  9.6705E+00  2.8984E+01  5.9260E-01  9.5390E+00  4.0977E+00 -6.5710E+00
  2.8931E+00  9.6939E+00  2.9066E+01  5.9260E-01  1.2247E+01  4.0958E+00 -1.0110E+01
  2.8961E+00  9.7040E+00  2.9092E+01  5.9260E-01  1.2435E+01  4.1134E+00 -1.0318E+01
  2.9061E+00  9.7374E+00  2.9224E+01  5.9260E-01  1.0930E+01  4.1158E+00 -8.4397E+00
  2.9161E+00  9.7708E+00  2.9421E+01  5.9260E-01  1.1960E+01  4.1167E+00 -9.7356E+00
  2.9262E+00  9.8042E+00  2.9557E+01  5.9260E-01  1.6318E+01  4.1176E+00 -1.4765E+01
  2.9264E+00  9.8051E+00  2.9559E+01  5.9260E-01  1.6388E+01  4.1174E+00 -1.4842E+01
  2.9362E+00  9.8377E+00  2.9664E+01  5.9260E-01  1.5382E+01  4.1355E+00 -1.3708E+01
  2.9462E+00  9.8711E+00  2.9852E+01  5.9260E-01  1.4725E+01  4.1412E+00 -1.2961E+01
  2.9562E+00  9.9045E+00  3.0019E+01  5.9260E-01  1.8830E+01  4.1497E+00 -1.7480E+01
  2.9597E+00  9.9163E+00  3.0054E+01  5.9260E-01  2.0276E+01  4.1480E+00 -1.9029E+01
  2.9662E+00  9.9380E+00  3.0115E+01  5.9259E-01  2.0072E+01  4.1621E+00 -1.8803E+01
  2.9763E+00  9.9714E+00  3.0278E+01  5.9259E-01  1.8481E+01  4.1754E+00 -1.7085E+01
  2.9863E+00  1.0005E+01  3.0466E+01  5.9259E-01  2.1180E+01  4.1954E+00 -1.9962E+01
  2.9931E+00  1.0027E+01  3.0546E+01  5.9259E-01  2.4422E+01  4.1964E+00 -2.3373E+01
  2.9963E+00  1.0038E+01  3.0574E+01  5.9259E-01  2.4620E+01  4.2069E+00 -2.3574E+01
  3.0063E+00  1.0072E+01  3.0708E+01  5.9259E-01  2.2792E+01  4.2147E+00 -2.1654E+01
  3.0163E+00  1.0105E+01  3.0905E+01  5.9258E-01  2.4132E+01  4.2306E+00 -2.3051E+01
  3.0264E+00  1.0139E+01  3.1039E+01  5.9258E-01  2.8948E+01  4.2384E+00 -2.8051E+01
  3.0364E+00  1.0172E+01  3.1148E+01  5.9258E-01  2.8064E+01  4.2409E+00 -2.7136E+01
  3.0464E+00  1.0205E+01  3.1337E+01  5.9258E-01  2.7419E+01  4.2575E+00 -2.6461E+01
  3.0564E+00  1.0239E+01  3.1502E+01  5.9258E-01  3.1867E+01  4.2788E+00 -3.1039E+01
  3.0597E+00  1.0250E+01  3.1535E+01  5.9257E-01  3.3260E+01  4.2766E+00 -3.2468E+01
  3.0664E+00  1.0272E+01  3.1598E+01  5.9257E-01  3.2982E+01  4.2828E+00 -3.2181E+01
  3.0765E+00  1.0306E+01  3.1763E+01  5.9257E-01  3.1365E+01  4.3050E+00 -3.0512E+01
  3.0865E+00  1.0339E+01  3.1950E+01  5.9257E-01  3.4291E+01  4.3384E+00 -3.3501E+01
  3.0931E+00  1.0361E+01  3.2026E+01  5.9257E-01  3.7507E+01  4.3416E+00 -3.6784E+01
  3.0965E+00  1.0373E+01  3.2056E+01  5.9257E-01  3.7694E+01  4.3444E+00 -3.6974E+01
  3.1065E+00  1.0406E+01  3.2192E+01  5.9256E-01  3.5780E+01  4.3580E+00 -3.5016E+01
  3.1166E+00  1.0439E+01  3.2389E+01  5.9256E-01  3.7253E+01  4.3860E+00 -3.6510E+01
  3.1264E+00  1.0472E+01  3.2520E+01  5.9256E-01  4.2080E+01  4.4001E+00 -4.1419E+01
  3.1266E+00  1.0473E+01  3.2521E+01  5.9256E-01  4.1851E+01  4.4054E+00 -4.1185E+01
  3.1366E+00  1.0506E+01  3.2631E+01  5.9255E-01  4.0830E+01  4.4090E+00 -4.0146E+01
  3.1466E+00  1.0540E+01  3.2822E+01  5.9255E-01  4.0245E+01  4.4340E+00 -3.9543E+01
  3.1566E+00  1.0573E+01  3.2985E+01  5.9255E-01  4.4814E+01  4.4659E+00 -4.4176E+01
  3.1597E+00  1.0584E+01  3.3015E+01  5.9255E-01  4.6107E+01  4.4631E+00 -4.5487E+01
  3.1667E+00  1.0607E+01  3.3081E+01  5.9255E-01  4.5762E+01  4.4628E+00 -4.5138E+01
  3.1767E+00  1.0640E+01  3.3248E+01  5.9254E-01  4.4178E+01  4.4922E+00 -4.3523E+01
  3.1867E+00  1.0673E+01  3.3434E+01  5.9254E-01  4.7249E+01  4.5364E+00 -4.6625E+01
  3.1931E+00  1.0695E+01  3.3507E+01  5.9254E-01  5.0367E+01  4.5411E+00 -4.9780E+01
  3.1967E+00  1.0707E+01  3.3539E+01  5.9254E-01  5.0538E+01  4.5372E+00 -4.9954E+01
  3.2067E+00  1.0740E+01  3.3677E+01  5.9253E-01  4.8579E+01  4.5567E+00 -4.7966E+01
  3.2168E+00  1.0774E+01  3.3874E+01  5.9253E-01  5.0161E+01  4.5952E+00 -4.9558E+01
  3.2264E+00  1.0806E+01  3.4001E+01  5.9253E-01  5.4916E+01  4.6140E+00 -5.4361E+01
  3.2268E+00  1.0807E+01  3.4004E+01  5.9253E-01  5.4738E+01  4.6142E+00 -5.4181E+01
  3.2368E+00  1.0841E+01  3.4116E+01  5.9252E-01  5.3594E+01  4.6195E+00 -5.3024E+01
  3.2468E+00  1.0874E+01  3.4308E+01  5.9252E-01  5.2942E+01  4.6498E+00 -5.2357E+01
  3.2568E+00  1.0907E+01  3.4473E+01  5.9252E-01  5.7100E+01  4.6849E+00 -5.6550E+01
  3.2669E+00  1.0941E+01  3.4520E+01  5.9251E-01  6.0524E+01  4.6677E+00 -6.0010E+01
  3.2769E+00  1.0974E+01  3.4522E+01  5.9251E-01  6.0673E+01  4.6659E+00 -6.0159E+01
  3.2969E+00  1.1041E+01  3.4521E+01  5.9250E-01  6.0475E+01  4.6677E+00 -5.9960E+01
