  0.0000E+00  5.4140E-08  1.3200E-05  2.4241E-01  1.2027E+03  1.2500E-01  2.5092E-03
  1.5981E-02  7.0000E-02  1.1365E-05  2.5443E-01  2.7306E+00  2.4400E-01  2.7196E+00
  2.0054E-02  8.3984E-02  1.0577E-04  2.7552E-01  7.7448E+00  2.0249E+00  7.5514E+00
  2.9997E-02  1.1801E-01  7.3293E-04  3.8806E-01  1.3870E+01  3.6655E+00  1.3700E+01
  4.0084E-02  1.5251E-01  1.3365E-03  5.0936E-01  8.8700E+00  3.8889E+00  8.7231E+00
  5.0106E-02  1.8651E-01  1.5484E-03  5.5889E-01  2.4869E+00  3.8168E+00  2.2436E+00
  6.0128E-02  2.2025E-01  1.5398E-03  5.7548E-01  2.1489E+00  3.7185E+00  2.0092E+00
  7.0140E-02  2.5384E-01  1.5084E-03  6.0908E-01  4.9643E+00  3.6514E+00  4.9269E+00
  8.0168E-02  2.8746E-01  1.4683E-03  6.6935E-01  6.6756E+00  3.5935E+00  6.6547E+00
  9.0189E-02  3.2105E-01  1.3441E-03  7.3553E-01  6.3402E+00  3.5489E+00  6.3223E+00
  1.0021E-01  3.5464E-01  1.1093E-03  7.9539E-01  5.5505E+00  3.5341E+00  5.5331E+00
  1.1023E-01  3.8824E-01  7.8250E-04  8.4790E-01  4.7833E+00  3.5368E+00  4.7655E+00
  1.2025E-01  4.2183E-01  3.9307E-04  8.9300E-01  4.0110E+00  3.5679E+00  3.9915E+00
  1.3027E-01  4.5542E-01 -2.5666E-05  9.3078E-01  3.2833E+00  3.6224E+00  3.2607E+00
  1.4022E-01  4.8877E-01 -4.3798E-04  9.6160E-01  2.6585E+00  3.6831E+00  2.6314E+00
  1.5032E-01  5.2261E-01 -8.2587E-04  9.8707E-01  2.1550E+00  3.7463E+00  2.1221E+00
  1.6034E-01  5.5620E-01 -1.1633E-03  1.0078E+00  1.7928E+00  3.7986E+00  1.7537E+00
  1.7036E-01  5.8979E-01 -1.4458E-03  1.0253E+00  1.5497E+00  3.8450E+00  1.5048E+00
  1.8038E-01  6.2338E-01 -1.6742E-03  1.0405E+00  1.4012E+00  3.8789E+00  1.3519E+00
  1.9040E-01  6.5697E-01 -1.8540E-03  1.0544E+00  1.3201E+00  3.8995E+00  1.2685E+00
  2.0042E-01  6.9056E-01 -1.9930E-03  1.0675E+00  1.2819E+00  3.9141E+00  1.2297E+00
  2.1044E-01  7.2415E-01 -2.0992E-03  1.0802E+00  1.2712E+00  3.9250E+00  1.2195E+00
  2.2046E-01  7.5774E-01 -2.1795E-03  1.0928E+00  1.2763E+00  3.9355E+00  1.2257E+00
  2.3048E-01  7.9133E-01 -2.2398E-03  1.1054E+00  1.2903E+00  3.9450E+00  1.2412E+00
  2.4051E-01  8.2492E-01 -2.2846E-03  1.1181E+00  1.3099E+00  3.9550E+00  1.2624E+00
  2.5053E-01  8.5851E-01 -2.3172E-03  1.1310E+00  1.3322E+00  3.9640E+00  1.2864E+00
  2.6055E-01  8.9210E-01 -2.3404E-03  1.1441E+00  1.3559E+00  3.9736E+00  1.3117E+00
  2.7057E-01  9.2569E-01 -2.3560E-03  1.1574E+00  1.3798E+00  3.9845E+00  1.3372E+00
  2.8059E-01  9.5928E-01 -2.3654E-03  1.1709E+00  1.4041E+00  3.9967E+00  1.3630E+00
  2.9061E-01  9.9287E-01 -2.3697E-03  1.1847E+00  1.4282E+00  4.0098E+00  1.3885E+00
  3.0063E-01  1.0265E+00 -2.3698E-03  1.1988E+00  1.4518E+00  4.0239E+00  1.4134E+00
  3.1065E-01  1.0601E+00 -2.3663E-03  1.2130E+00  1.4750E+00  4.0390E+00  1.4378E+00
  3.2067E-01  1.0936E+00 -2.3597E-03  1.2275E+00  1.4975E+00  4.0549E+00  1.4615E+00
  3.3070E-01  1.1272E+00 -2.3503E-03  1.2423E+00  1.5195E+00  4.0720E+00  1.4846E+00
  3.4072E-01  1.1608E+00 -2.3385E-03  1.2572E+00  1.5409E+00  4.0895E+00  1.5070E+00
  3.5074E-01  1.1944E+00 -2.3246E-03  1.2724E+00  1.5617E+00  4.1070E+00  1.5288E+00
  3.6076E-01  1.2280E+00 -2.3086E-03  1.2877E+00  1.5818E+00  4.1249E+00  1.5498E+00
  3.7078E-01  1.2616E+00 -2.2909E-03  1.3033E+00  1.6014E+00  4.1433E+00  1.5703E+00
  3.8080E-01  1.2952E+00 -2.2715E-03  1.3191E+00  1.6205E+00  4.1618E+00  1.5902E+00
  3.9082E-01  1.3288E+00 -2.2506E-03  1.3350E+00  1.6389E+00  4.1804E+00  1.6095E+00
  4.0084E-01  1.3624E+00 -2.2283E-03  1.3512E+00  1.6569E+00  4.1990E+00  1.6282E+00
  4.1086E-01  1.3960E+00 -2.2047E-03  1.3675E+00  1.6743E+00  4.2176E+00  1.6463E+00
  4.2088E-01  1.4295E+00 -2.1799E-03  1.3840E+00  1.6911E+00  4.2360E+00  1.6639E+00
  4.3091E-01  1.4631E+00 -2.1540E-03  1.4007E+00  1.7076E+00  4.2544E+00  1.6810E+00
  4.4093E-01  1.4967E+00 -2.1269E-03  1.4175E+00  1.7235E+00  4.2725E+00  1.6976E+00
  4.5095E-01  1.5303E+00 -2.0988E-03  1.4345E+00  1.7390E+00  4.2896E+00  1.7137E+00
  4.6097E-01  1.5639E+00 -2.0691E-03  1.4517E+00  1.7544E+00  4.3021E+00  1.7298E+00
  4.7099E-01  1.5975E+00 -2.0387E-03  1.4690E+00  1.7690E+00  4.3199E+00  1.7450E+00
  4.8099E-01  1.6310E+00 -2.0076E-03  1.4864E+00  1.7832E+00  4.3375E+00  1.7597E+00
  4.9103E-01  1.6647E+00 -1.9756E-03  1.5041E+00  1.7969E+00  4.3547E+00  1.7740E+00
  5.0105E-01  1.6983E+00 -1.9431E-03  1.5218E+00  1.8103E+00  4.3717E+00  1.7879E+00
  5.1107E-01  1.7319E+00 -1.9099E-03  1.5397E+00  1.8234E+00  4.3888E+00  1.8015E+00
  5.2110E-01  1.7654E+00 -1.8761E-03  1.5577E+00  1.8360E+00  4.4056E+00  1.8146E+00
  5.3112E-01  1.7990E+00 -1.8417E-03  1.5759E+00  1.8483E+00  4.4225E+00  1.8274E+00
  5.4114E-01  1.8326E+00 -1.8068E-03  1.5942E+00  1.8604E+00  4.4391E+00  1.8399E+00
  5.5116E-01  1.8662E+00 -1.7712E-03  1.6126E+00  1.8721E+00  4.4554E+00  1.8521E+00
  5.6118E-01  1.8998E+00 -1.7351E-03  1.6311E+00  1.8834E+00  4.4711E+00  1.8638E+00
  5.7120E-01  1.9334E+00 -1.6986E-03  1.6497E+00  1.8945E+00  4.4867E+00  1.8753E+00
  5.8122E-01  1.9670E+00 -1.6615E-03  1.6684E+00  1.9053E+00  4.5020E+00  1.8866E+00
  5.9124E-01  2.0006E+00 -1.6239E-03  1.6873E+00  1.9158E+00  4.5171E+00  1.8975E+00
  6.0126E-01  2.0342E+00 -1.5858E-03  1.7063E+00  1.9260E+00  4.5318E+00  1.9081E+00
  6.1128E-01  2.0678E+00 -1.5473E-03  1.7253E+00  1.9360E+00  4.5465E+00  1.9185E+00
  6.2131E-01  2.1013E+00 -1.5084E-03  1.7445E+00  1.9458E+00  4.5611E+00  1.9286E+00
  6.3133E-01  2.1349E+00 -1.4690E-03  1.7638E+00  1.9553E+00  4.5755E+00  1.9384E+00
  6.4135E-01  2.1685E+00 -1.4292E-03  1.7831E+00  1.9645E+00  4.5896E+00  1.9480E+00
  6.5137E-01  2.2021E+00 -1.3891E-03  1.8026E+00  1.9736E+00  4.6036E+00  1.9574E+00
  6.6139E-01  2.2357E+00 -1.3485E-03  1.8221E+00  1.9824E+00  4.6174E+00  1.9665E+00
  6.7141E-01  2.2693E+00 -1.3076E-03  1.8418E+00  1.9910E+00  4.6310E+00  1.9754E+00
  6.8142E-01  2.3029E+00 -1.2664E-03  1.8615E+00  1.9994E+00  4.6442E+00  1.9842E+00
  6.9145E-01  2.3365E+00 -1.2248E-03  1.8813E+00  2.0076E+00  4.6572E+00  1.9926E+00
  7.0147E-01  2.3701E+00 -1.1828E-03  1.9012E+00  2.0156E+00  4.6701E+00  2.0009E+00
  7.1150E-01  2.4037E+00 -1.1406E-03  1.9212E+00  2.0234E+00  4.6828E+00  2.0091E+00
  7.2152E-01  2.4373E+00 -1.0980E-03  1.9413E+00  2.0311E+00  4.6953E+00  2.0170E+00
  7.3154E-01  2.4708E+00 -1.0552E-03  1.9614E+00  2.0386E+00  4.7077E+00  2.0247E+00
  7.4156E-01  2.5044E+00 -1.0121E-03  1.9816E+00  2.0459E+00  4.7199E+00  2.0323E+00
  7.5158E-01  2.5380E+00 -9.6866E-04  2.0019E+00  2.0530E+00  4.7321E+00  2.0397E+00
  7.6160E-01  2.5716E+00 -9.2499E-04  2.0223E+00  2.0600E+00  4.7440E+00  2.0469E+00
  7.7162E-01  2.6052E+00 -8.8108E-04  2.0427E+00  2.0668E+00  4.7558E+00  2.0540E+00
  7.8164E-01  2.6388E+00 -8.3692E-04  2.0632E+00  2.0735E+00  4.7675E+00  2.0609E+00
  7.9166E-01  2.6724E+00 -7.9254E-04  2.0838E+00  2.0800E+00  4.7791E+00  2.0676E+00
  8.0169E-01  2.7060E+00 -7.4794E-04  2.1044E+00  2.0864E+00  4.7905E+00  2.0742E+00
  8.1171E-01  2.7396E+00 -7.0312E-04  2.1251E+00  2.0927E+00  4.8019E+00  2.0807E+00
  8.2173E-01  2.7732E+00 -6.5809E-04  2.1459E+00  2.0988E+00  4.8131E+00  2.0870E+00
  8.3175E-01  2.8067E+00 -6.1287E-04  2.1667E+00  2.1048E+00  4.8242E+00  2.0932E+00
  8.4177E-01  2.8403E+00 -5.6745E-04  2.1876E+00  2.1106E+00  4.8350E+00  2.0993E+00
  8.5179E-01  2.8739E+00 -5.2184E-04  2.2086E+00  2.1164E+00  4.8459E+00  2.1053E+00
  8.6181E-01  2.9075E+00 -4.7605E-04  2.2296E+00  2.1220E+00  4.8567E+00  2.1111E+00
  8.7183E-01  2.9411E+00 -4.3008E-04  2.2507E+00  2.1275E+00  4.8674E+00  2.1168E+00
  8.8185E-01  2.9747E+00 -3.8394E-04  2.2718E+00  2.1329E+00  4.8780E+00  2.1224E+00
  8.9187E-01  3.0083E+00 -3.3763E-04  2.2930E+00  2.1382E+00  4.8885E+00  2.1278E+00
  8.9405E-01  3.0156E+00 -3.2753E-04  2.2976E+00  2.1393E+00  4.8907E+00  2.1290E+00
  9.0190E-01  3.0419E+00 -2.9115E-04  2.3142E+00  2.1434E+00  4.8988E+00  2.1332E+00
  9.1192E-01  3.0755E+00 -2.4452E-04  2.3355E+00  2.1485E+00  4.9093E+00  2.1384E+00
  9.2194E-01  3.1091E+00 -1.9773E-04  2.3568E+00  2.1535E+00  4.9194E+00  2.1436E+00
  9.3196E-01  3.1427E+00 -1.5079E-04  2.3782E+00  2.1584E+00  4.9294E+00  2.1486E+00
  9.4198E-01  3.1762E+00 -1.0370E-04  2.3996E+00  2.1632E+00  4.9394E+00  2.1536E+00
  9.5200E-01  3.2098E+00 -5.6459E-05  2.4211E+00  2.1679E+00  4.9494E+00  2.1584E+00
  9.6202E-01  3.2434E+00 -9.0774E-06  2.4427E+00  2.1725E+00  4.9594E+00  2.1632E+00
  9.7204E-01  3.2770E+00  3.8440E-05  2.4643E+00  2.1770E+00  4.9693E+00  2.1679E+00
  9.8030E-01  3.3047E+00  7.7691E-05  2.4821E+00  2.1807E+00  4.9774E+00  2.1717E+00
  9.8206E-01  3.3106E+00  8.6090E-05  2.4859E+00  2.1814E+00  4.9792E+00  2.1724E+00
  9.9208E-01  3.3442E+00  1.3387E-04  2.5076E+00  2.1858E+00  4.9890E+00  2.1770E+00
  1.0021E+00  3.3778E+00  1.8177E-04  2.5293E+00  2.1901E+00  4.9990E+00  2.1814E+00
  1.0121E+00  3.4114E+00  2.2981E-04  2.5510E+00  2.1943E+00  5.0092E+00  2.1857E+00
  1.0221E+00  3.4450E+00  2.7796E-04  2.5728E+00  2.1985E+00  5.0194E+00  2.1900E+00
  1.0322E+00  3.4786E+00  3.2622E-04  2.5947E+00  2.2025E+00  5.0291E+00  2.1942E+00
  1.0422E+00  3.5121E+00  3.7460E-04  2.6166E+00  2.2065E+00  5.0389E+00  2.1983E+00
  1.0522E+00  3.5457E+00  4.2308E-04  2.6385E+00  2.2104E+00  5.0489E+00  2.2023E+00
  1.0622E+00  3.5793E+00  4.7167E-04  2.6605E+00  2.2143E+00  5.0589E+00  2.2063E+00
  1.0723E+00  3.6129E+00  5.2036E-04  2.6825E+00  2.2181E+00  5.0691E+00  2.2102E+00
  1.0823E+00  3.6465E+00  5.6914E-04  2.7045E+00  2.2218E+00  5.0788E+00  2.2140E+00
  1.0923E+00  3.6801E+00  6.1803E-04  2.7266E+00  2.2254E+00  5.0886E+00  2.2178E+00
  1.1023E+00  3.7137E+00  6.6701E-04  2.7488E+00  2.2290E+00  5.0985E+00  2.2215E+00
  1.1123E+00  3.7473E+00  7.1609E-04  2.7709E+00  2.2326E+00  5.1085E+00  2.2251E+00
  1.1224E+00  3.7809E+00  7.6527E-04  2.7931E+00  2.2361E+00  5.1186E+00  2.2287E+00
  1.1324E+00  3.8145E+00  8.1453E-04  2.8154E+00  2.2395E+00  5.1282E+00  2.2322E+00
  1.1424E+00  3.8480E+00  8.6388E-04  2.8376E+00  2.2428E+00  5.1379E+00  2.2357E+00
  1.1524E+00  3.8816E+00  9.1332E-04  2.8599E+00  2.2461E+00  5.1477E+00  2.2391E+00
  1.1624E+00  3.9152E+00  9.6285E-04  2.8823E+00  2.2494E+00  5.1576E+00  2.2424E+00
  1.1725E+00  3.9488E+00  1.0125E-03  2.9046E+00  2.2526E+00  5.1676E+00  2.2457E+00
  1.1825E+00  3.9824E+00  1.0622E-03  2.9271E+00  2.2557E+00  5.1772E+00  2.2490E+00
  1.1925E+00  4.0160E+00  1.1120E-03  2.9495E+00  2.2588E+00  5.1869E+00  2.2521E+00
  1.2025E+00  4.0496E+00  1.1619E-03  2.9721E+00  2.3053E+00  5.2454E+00  2.2987E+00
  1.2125E+00  4.0832E+00  1.2121E-03  2.9957E+00  2.4610E+00  5.4816E+00  2.4544E+00
  1.2226E+00  4.1168E+00  1.2629E-03  3.0208E+00  2.4229E+00  5.3883E+00  2.4165E+00
  1.2326E+00  4.1504E+00  1.3090E-03  3.0346E+00  2.3728E-01  4.3078E+00 -1.9175E-01
  1.2426E+00  4.1840E+00  1.3321E-03  3.0151E+00  3.2680E+00  5.7052E+00 -3.2630E+00
  1.2526E+00  4.2175E+00  1.3375E-03  2.9844E+00  2.1922E+00  9.3526E+00 -2.1730E+00
  1.2597E+00  4.2413E+00  1.3486E-03  2.9764E+00  3.6942E-01  8.2940E+00 -2.6847E-01
  1.2627E+00  4.2511E+00  1.3563E-03  2.9759E+00  2.5995E-01  6.7001E+00 -1.6092E-01
  1.2727E+00  4.2847E+00  1.3800E-03  2.9646E+00  2.3809E+00  5.6075E+00 -2.3750E+00
  1.2827E+00  4.3182E+00  1.3893E-03  2.9362E+00  2.6878E+00  8.1827E+00 -2.6772E+00
  1.2927E+00  4.3518E+00  1.4041E-03  2.9218E+00  3.6389E-01  8.5663E+00 -2.6801E-01
  1.2931E+00  4.3529E+00  1.4050E-03  2.9217E+00  3.2814E-01  8.3906E+00 -2.2273E-01
  1.3027E+00  4.3853E+00  1.4310E-03  2.9166E+00  1.4432E+00  5.4350E+00 -1.4349E+00
  1.3128E+00  4.4188E+00  1.4458E-03  2.8930E+00  2.8428E+00  6.9317E+00 -2.8362E+00
  1.3228E+00  4.4524E+00  1.4577E-03  2.8726E+00  9.8204E-01  9.1603E+00 -9.4984E-01
  1.3264E+00  4.4645E+00  1.4659E-03  2.8706E+00  3.6537E-01  7.8131E+00 -2.9779E-01
  1.3328E+00  4.4859E+00  1.4846E-03  2.8685E+00  7.3030E-01  5.3372E+00 -7.1607E-01
  1.3428E+00  4.5194E+00  1.5066E-03  2.8514E+00  2.5832E+00  6.6404E+00 -2.5773E+00
  1.3528E+00  4.5529E+00  1.5099E-03  2.8279E+00  1.6985E+00  1.0351E+01 -1.6771E+00
  1.3597E+00  4.5760E+00  1.5184E-03  2.8217E+00  4.0149E-01  9.2149E+00 -3.2438E-01
  1.3629E+00  4.5865E+00  1.5250E-03  2.8210E+00  3.3856E-01  7.5882E+00 -2.7735E-01
  1.3729E+00  4.6200E+00  1.5439E-03  2.8108E+00  2.0108E+00  6.6913E+00 -2.0037E+00
  1.3829E+00  4.6535E+00  1.5519E-03  2.7879E+00  2.1712E+00  9.2146E+00 -2.1592E+00
  1.3929E+00  4.6870E+00  1.5651E-03  2.7761E+00  4.1650E-01  9.3078E+00 -3.4893E-01
  1.3931E+00  4.6875E+00  1.5654E-03  2.7761E+00  4.0521E-01  9.2405E+00 -3.3650E-01
  1.4029E+00  4.7205E+00  1.5877E-03  2.7704E+00  1.3677E+00  6.4430E+00 -1.3588E+00
  1.4130E+00  4.7540E+00  1.6002E-03  2.7501E+00  2.4032E+00  8.0225E+00 -2.3956E+00
  1.4230E+00  4.7875E+00  1.6107E-03  2.7328E+00  9.3528E-01  9.9802E+00 -9.0559E-01
  1.4264E+00  4.7989E+00  1.6172E-03  2.7307E+00  4.9692E-01  8.7297E+00 -4.5323E-01
  1.4330E+00  4.8210E+00  1.6331E-03  2.7276E+00  8.5636E-01  6.2860E+00 -8.4386E-01
  1.4430E+00  4.8545E+00  1.6503E-03  2.7115E+00  2.2837E+00  7.6687E+00 -2.2769E+00
  1.4531E+00  4.8880E+00  1.6515E-03  2.6910E+00  1.5284E+00  1.1137E+01 -1.5076E+00
  1.4597E+00  4.9103E+00  1.6571E-03  2.6850E+00  5.4448E-01  9.9874E+00 -4.9648E-01
  1.4631E+00  4.9214E+00  1.6622E-03  2.6836E+00  5.1831E-01  8.3437E+00 -4.8370E-01
  1.4731E+00  4.9549E+00  1.6749E-03  2.6727E+00  1.8810E+00  7.6305E+00 -1.8734E+00
  1.4831E+00  4.9884E+00  1.6781E-03  2.6520E+00  1.9465E+00  1.0090E+01 -1.9341E+00
  1.4931E+00  5.0217E+00  1.6855E-03  2.6406E+00  5.5741E-01  9.9827E+00 -5.1429E-01
  1.5032E+00  5.0554E+00  1.7003E-03  2.6332E+00  1.3904E+00  7.3334E+00 -1.3816E+00
  1.5132E+00  5.0889E+00  1.7061E-03  2.6142E+00  2.1719E+00  8.9286E+00 -2.1638E+00
  1.5232E+00  5.1223E+00  1.7109E-03  2.5981E+00  9.6382E-01  1.0631E+01 -9.3802E-01
  1.5264E+00  5.1330E+00  1.7147E-03  2.5958E+00  6.4139E-01  9.4903E+00 -6.1030E-01
  1.5332E+00  5.1558E+00  1.7253E-03  2.5914E+00  9.7573E-01  7.1042E+00 -9.6460E-01
  1.5432E+00  5.1893E+00  1.7349E-03  2.5756E+00  2.0972E+00  8.4075E+00 -2.0902E+00
  1.5533E+00  5.2228E+00  1.7374E-03  2.5568E+00  1.4319E+00  1.1474E+01 -1.4130E+00
  1.5597E+00  5.2444E+00  1.7431E-03  2.5507E+00  6.6377E-01  1.0347E+01 -6.3029E-01
  1.5633E+00  5.2562E+00  1.7482E-03  2.5487E+00  6.6076E-01  8.7234E+00 -6.3713E-01
  1.5733E+00  5.2897E+00  1.7600E-03  2.5372E+00  1.7824E+00  8.1803E+00 -1.7749E+00
  1.5833E+00  5.3232E+00  1.7638E-03  2.5181E+00  1.7840E+00  1.0517E+01 -1.7720E+00
  1.5931E+00  5.3557E+00  1.7713E-03  2.5070E+00  6.6730E-01  1.0310E+01 -6.3624E-01
  1.5933E+00  5.3566E+00  1.7716E-03  2.5068E+00  6.5404E-01  1.0192E+01 -6.2306E-01
  1.6034E+00  5.3901E+00  1.7850E-03  2.4984E+00  1.3863E+00  7.8596E+00 -1.3779E+00
  1.6134E+00  5.4236E+00  1.7908E-03  2.4805E+00  1.9871E+00  9.4280E+00 -1.9789E+00
  1.6234E+00  5.4570E+00  1.7964E-03  2.4654E+00  9.7230E-01  1.0884E+01 -9.5002E-01
  1.6264E+00  5.4670E+00  1.7999E-03  2.4631E+00  7.3211E-01  9.8659E+00 -7.0775E-01
  1.6334E+00  5.4905E+00  1.8100E-03  2.4577E+00  1.0393E+00  7.5903E+00 -1.0294E+00
  1.6435E+00  5.5240E+00  1.8190E-03  2.4424E+00  1.9381E+00  8.7694E+00 -1.9311E+00
  1.6535E+00  5.5574E+00  1.8249E-03  2.4251E+00  1.3466E+00  1.1397E+01 -1.3298E+00
  1.6597E+00  5.5783E+00  1.8322E-03  2.4190E+00  7.3710E-01  1.0328E+01 -7.1190E-01
  1.6635E+00  5.5909E+00  1.8382E-03  2.4165E+00  7.4966E-01  8.7666E+00 -7.3197E-01
  1.6735E+00  5.6243E+00  1.8517E-03  2.4048E+00  1.6856E+00  8.3843E+00 -1.6786E+00
  1.6835E+00  5.6578E+00  1.8582E-03  2.3871E+00  1.6459E+00  1.0547E+01 -1.6347E+00
  1.6931E+00  5.6896E+00  1.8679E-03  2.3764E+00  7.3401E-01  1.0272E+01 -7.1017E-01
  1.6936E+00  5.6913E+00  1.8687E-03  2.3760E+00  7.1617E-01  1.0082E+01 -6.9263E-01
  1.7036E+00  5.7247E+00  1.8835E-03  2.3670E+00  1.3605E+00  8.0553E+00 -1.3528E+00
  1.7136E+00  5.7582E+00  1.8914E-03  2.3502E+00  1.8288E+00  9.5973E+00 -1.8208E+00
  1.7236E+00  5.7916E+00  1.8997E-03  2.3360E+00  9.6475E-01  1.0814E+01 -9.4558E-01
  1.7264E+00  5.8009E+00  1.9036E-03  2.3337E+00  7.8433E-01  9.9273E+00 -7.6446E-01
  1.7336E+00  5.8251E+00  1.9151E-03  2.3278E+00  1.0667E+00  7.8149E+00 -1.0578E+00
  1.7437E+00  5.8585E+00  1.9256E-03  2.3129E+00  1.7981E+00  8.8288E+00 -1.7915E+00
  1.7537E+00  5.8920E+00  1.9345E-03  2.2969E+00  1.2691E+00  1.1011E+01 -1.2546E+00
  1.7597E+00  5.9122E+00  1.9430E-03  2.2910E+00  7.7960E-01  1.0018E+01 -7.6006E-01
  1.7637E+00  5.9254E+00  1.9501E-03  2.2881E+00  8.0320E-01  8.5482E+00 -7.8948E-01
  1.7737E+00  5.9589E+00  1.9652E-03  2.2765E+00  1.5933E+00  8.3066E+00 -1.5869E+00
  1.7837E+00  5.9923E+00  1.9741E-03  2.2599E+00  1.5265E+00  1.0269E+01 -1.5164E+00
  1.7931E+00  6.0235E+00  1.9858E-03  2.2497E+00  7.7285E-01  9.9491E+00 -7.5413E-01
  1.7938E+00  6.0258E+00  1.9870E-03  2.2492E+00  7.5322E-01  9.7025E+00 -7.3496E-01
  1.8038E+00  6.0592E+00  2.0034E-03  2.2399E+00  1.3235E+00  7.9767E+00 -1.3166E+00
  1.8138E+00  6.0927E+00  2.0138E-03  2.2240E+00  1.6904E+00  9.5788E+00 -1.6828E+00
  1.8238E+00  6.1261E+00  2.0252E-03  2.2107E+00  9.4742E-01  1.0574E+01 -9.3079E-01
  1.8264E+00  6.1347E+00  2.0295E-03  2.2085E+00  8.1130E-01  9.8151E+00 -7.9457E-01
  1.8339E+00  6.1596E+00  2.0429E-03  2.2021E+00  1.0713E+00  7.8862E+00 -1.0632E+00
  1.8439E+00  6.1930E+00  2.0557E-03  2.1879E+00  1.6738E+00  8.7673E+00 -1.6675E+00
  1.8539E+00  6.2265E+00  2.0669E-03  2.1729E+00  1.1991E+00  1.0576E+01 -1.1864E+00
  1.8597E+00  6.2460E+00  2.0764E-03  2.1674E+00  8.0243E-01  9.6640E+00 -7.8655E-01
  1.8639E+00  6.2599E+00  2.0845E-03  2.1642E+00  8.3390E-01  8.2979E+00 -8.2269E-01
  1.8739E+00  6.2934E+00  2.1010E-03  2.1526E+00  1.5067E+00  8.1747E+00 -1.5008E+00
  1.8840E+00  6.3268E+00  2.1120E-03  2.1372E+00  1.4222E+00  9.9369E+00 -1.4130E+00
  1.8931E+00  6.3572E+00  2.1253E-03  2.1275E+00  7.9352E-01  9.5882E+00 -7.7818E-01
  1.8940E+00  6.3603E+00  2.1270E-03  2.1268E+00  7.7384E-01  9.2985E+00 -7.5905E-01
  1.9040E+00  6.3937E+00  2.1448E-03  2.1174E+00  1.2805E+00  7.8495E+00 -1.2742E+00
  1.9140E+00  6.4272E+00  2.1566E-03  2.1024E+00  1.5668E+00  9.6714E+00 -1.5591E+00
  1.9240E+00  6.4606E+00  2.1694E-03  2.0898E+00  9.2313E-01  1.0467E+01 -9.0784E-01
  1.9264E+00  6.4685E+00  2.1735E-03  2.0878E+00  8.2031E-01  9.8260E+00 -8.0515E-01
  1.9341E+00  6.4941E+00  2.1878E-03  2.0812E+00  1.0597E+00  8.0818E+00 -1.0518E+00
  1.9441E+00  6.5275E+00  2.2013E-03  2.0677E+00  1.5605E+00  8.8686E+00 -1.5542E+00
  1.9541E+00  6.5610E+00  2.2147E-03  2.0537E+00  1.1332E+00  1.0386E+01 -1.1213E+00
  1.9597E+00  6.5797E+00  2.2249E-03  2.0484E+00  8.0959E-01  9.5518E+00 -7.9545E-01
  1.9641E+00  6.5944E+00  2.2342E-03  2.0450E+00  8.4640E-01  8.2856E+00 -8.3626E-01
  1.9741E+00  6.6278E+00  2.2520E-03  2.0337E+00  1.4226E+00  8.2587E+00 -1.4167E+00
  1.9842E+00  6.6613E+00  2.2647E-03  2.0192E+00  1.3265E+00  9.8424E+00 -1.3175E+00
  1.9931E+00  6.6910E+00  2.2793E-03  2.0101E+00  7.9798E-01  9.4745E+00 -7.8418E-01
  1.9942E+00  6.6947E+00  2.2815E-03  2.0092E+00  7.7925E-01  9.1519E+00 -7.6607E-01
  2.0042E+00  6.7282E+00  2.3005E-03  1.9999E+00  1.2299E+00  7.9408E+00 -1.2236E+00
  2.0142E+00  6.7616E+00  2.3125E-03  1.9858E+00  1.4499E+00  1.0064E+01 -1.4415E+00
  2.0243E+00  6.7951E+00  2.3249E-03  1.9741E+00  8.8844E-01  1.0687E+01 -8.7300E-01
  2.0264E+00  6.8022E+00  2.3285E-03  1.9723E+00  8.1073E-01  1.0152E+01 -7.9545E-01
  2.0343E+00  6.8285E+00  2.3421E-03  1.9656E+00  1.0302E+00  8.5852E+00 -1.0217E+00
  2.0443E+00  6.8619E+00  2.3541E-03  1.9527E+00  1.4481E+00  9.3117E+00 -1.4410E+00
  2.0543E+00  6.8954E+00  2.3644E-03  1.9397E+00  1.0614E+00  1.0611E+01 -1.0489E+00
  2.0597E+00  6.9135E+00  2.3723E-03  1.9349E+00  7.9533E-01  9.8499E+00 -7.8096E-01
  2.0643E+00  6.9288E+00  2.3802E-03  1.9313E+00  8.3494E-01  8.6773E+00 -8.2435E-01
  2.0744E+00  6.9623E+00  2.3936E-03  1.9205E+00  1.3293E+00  8.7250E+00 -1.3227E+00
  2.0844E+00  6.9957E+00  2.4021E-03  1.9071E+00  1.2247E+00  1.0149E+01 -1.2150E+00
  2.0931E+00  7.0247E+00  2.4126E-03  1.8987E+00  7.7691E-01  9.7691E+00 -7.6270E-01
  2.0944E+00  7.0292E+00  2.4146E-03  1.8977E+00  7.5957E-01  9.4213E+00 -7.4606E-01
  2.1044E+00  7.0626E+00  2.4286E-03  1.8887E+00  1.1600E+00  8.4086E+00 -1.1530E+00
  2.1144E+00  7.0960E+00  2.4351E-03  1.8757E+00  1.3256E+00  1.0698E+01 -1.3158E+00
  2.1245E+00  7.1295E+00  2.4416E-03  1.8649E+00  8.3342E-01  1.1170E+01 -8.1636E-01
  2.1264E+00  7.1359E+00  2.4436E-03  1.8634E+00  7.7494E-01  1.0730E+01 -7.5800E-01
  2.1345E+00  7.1629E+00  2.4526E-03  1.8568E+00  9.7645E-01  9.3196E+00 -9.6639E-01
  2.1445E+00  7.1964E+00  2.4586E-03  1.8449E+00  1.3276E+00  1.0005E+01 -1.3191E+00
  2.1545E+00  7.2298E+00  2.4633E-03  1.8330E+00  9.7808E-01  1.1139E+01 -9.6388E-01
  2.1597E+00  7.2472E+00  2.4681E-03  1.8286E+00  7.5921E-01  1.0445E+01 -7.4308E-01
  2.1645E+00  7.2632E+00  2.4736E-03  1.8251E+00  8.0122E-01  9.3566E+00 -7.8900E-01
  2.1746E+00  7.2967E+00  2.4818E-03  1.8149E+00  1.2293E+00  9.4615E+00 -1.2212E+00
  2.1846E+00  7.3301E+00  2.4858E-03  1.8026E+00  1.1219E+00  1.0750E+01 -1.1105E+00
  2.1931E+00  7.3584E+00  2.4925E-03  1.7950E+00  7.4234E-01  1.0369E+01 -7.2631E-01
  2.1946E+00  7.3635E+00  2.4941E-03  1.7939E+00  7.2704E-01  1.0003E+01 -7.1182E-01
  2.2046E+00  7.3970E+00  2.5038E-03  1.7853E+00  1.0859E+00  9.1605E+00 -1.0775E+00
  2.2147E+00  7.4304E+00  2.5063E-03  1.7733E+00  1.2098E+00  1.1375E+01 -1.1982E+00
  2.2247E+00  7.4639E+00  2.5090E-03  1.7635E+00  7.7815E-01  1.1727E+01 -7.5882E-01
  2.2264E+00  7.4696E+00  2.5101E-03  1.7622E+00  7.3472E-01  1.1368E+01 -7.1547E-01
  2.2347E+00  7.4973E+00  2.5157E-03  1.7558E+00  9.2138E-01  1.0096E+01 -9.0937E-01
  2.2447E+00  7.5307E+00  2.5177E-03  1.7448E+00  1.2191E+00  1.0747E+01 -1.2089E+00
  2.2547E+00  7.5642E+00  2.5187E-03  1.7339E+00  9.0311E-01  1.1746E+01 -8.8665E-01
  2.2597E+00  7.5808E+00  2.5212E-03  1.7300E+00  7.2274E-01  1.1118E+01 -7.0427E-01
  2.2648E+00  7.5976E+00  2.5248E-03  1.7265E+00  7.6664E-01  1.0105E+01 -7.5230E-01
  2.2748E+00  7.6310E+00  2.5286E-03  1.7170E+00  1.1395E+00  1.0253E+01 -1.1297E+00
  2.2848E+00  7.6645E+00  2.5286E-03  1.7057E+00  1.0317E+00  1.1420E+01 -1.0182E+00
  2.2931E+00  7.6921E+00  2.5315E-03  1.6988E+00  7.0858E-01  1.1045E+01 -6.9019E-01
  2.2948E+00  7.6979E+00  2.5326E-03  1.6976E+00  6.9553E-01  1.0667E+01 -6.7806E-01
  2.3048E+00  7.7314E+00  2.5373E-03  1.6894E+00  1.0183E+00  9.9666E+00 -1.0080E+00
  2.3149E+00  7.7648E+00  2.5353E-03  1.6784E+00  1.1092E+00  1.1927E+01 -1.0957E+00
  2.3249E+00  7.7982E+00  2.5335E-03  1.6693E+00  7.2918E-01  1.2179E+01 -7.0763E-01
  2.3264E+00  7.8033E+00  2.5337E-03  1.6682E+00  6.9733E-01  1.1890E+01 -6.7585E-01
  2.3349E+00  7.8317E+00  2.5349E-03  1.6621E+00  8.7102E-01  1.0740E+01 -8.5710E-01
  2.3449E+00  7.8651E+00  2.5314E-03  1.6518E+00  1.1251E+00  1.1355E+01 -1.1131E+00
  2.3550E+00  7.8985E+00  2.5267E-03  1.6418E+00  8.3889E-01  1.2234E+01 -8.2024E-01
  2.3597E+00  7.9145E+00  2.5262E-03  1.6383E+00  6.9016E-01  1.1665E+01 -6.6947E-01
  2.3650E+00  7.9320E+00  2.5264E-03  1.6348E+00  7.3577E-01  1.0723E+01 -7.1944E-01
  2.3750E+00  7.9654E+00  2.5236E-03  1.6258E+00  1.0629E+00  1.0898E+01 -1.0513E+00
  2.3850E+00  7.9988E+00  2.5171E-03  1.6153E+00  9.5688E-01  1.1953E+01 -9.4145E-01
  2.3931E+00  8.0257E+00  2.5146E-03  1.6090E+00  6.8146E-01  1.1588E+01 -6.6097E-01
  2.3950E+00  8.0323E+00  2.5144E-03  1.6077E+00  6.7093E-01  1.1202E+01 -6.5149E-01
  2.4051E+00  8.0657E+00  2.5123E-03  1.5999E+00  9.6320E-01  1.0622E+01 -9.5114E-01
  2.4151E+00  8.0992E+00  2.5048E-03  1.5896E+00  1.0290E+00  1.2246E+01 -1.0140E+00
  2.4251E+00  8.1326E+00  2.4986E-03  1.5812E+00  6.9384E-01  1.2414E+01 -6.7089E-01
  2.4264E+00  8.1369E+00  2.4982E-03  1.5803E+00  6.7099E-01  1.2187E+01 -6.4811E-01
  2.4351E+00  8.1660E+00  2.4955E-03  1.5742E+00  8.3384E-01  1.1150E+01 -8.1855E-01
  2.4451E+00  8.1995E+00  2.4881E-03  1.5646E+00  1.0518E+00  1.1728E+01 -1.0385E+00
  2.4552E+00  8.2329E+00  2.4802E-03  1.5552E+00  7.9190E-01  1.2498E+01 -7.7174E-01
  2.4597E+00  8.2482E+00  2.4782E-03  1.5520E+00  6.6896E-01  1.1988E+01 -6.4692E-01
  2.4652E+00  8.2663E+00  2.4765E-03  1.5484E+00  7.1581E-01  1.1116E+01 -6.9816E-01
  2.4752E+00  8.2998E+00  2.4706E-03  1.5399E+00  1.0035E+00  1.1314E+01 -9.9061E-01
  2.4852E+00  8.3332E+00  2.4618E-03  1.5301E+00  8.9943E-01  1.2265E+01 -8.8247E-01
  2.4931E+00  8.3594E+00  2.4574E-03  1.5242E+00  6.6322E-01  1.1914E+01 -6.4138E-01
  2.4952E+00  8.3666E+00  2.4567E-03  1.5228E+00  6.5507E-01  1.1528E+01 -6.3438E-01
  2.5053E+00  8.4001E+00  2.4520E-03  1.5153E+00  9.1955E-01  1.1054E+01 -9.0611E-01
  2.5153E+00  8.4335E+00  2.4432E-03  1.5056E+00  9.6441E-01  1.2334E+01 -9.4850E-01
  2.5253E+00  8.4669E+00  2.4364E-03  1.4976E+00  6.6704E-01  1.2432E+01 -6.4349E-01
  2.5264E+00  8.4706E+00  2.4359E-03  1.4969E+00  6.5097E-01  1.2259E+01 -6.2750E-01
  2.5353E+00  8.5004E+00  2.4323E-03  1.4909E+00  8.0324E-01  1.1330E+01 -7.8712E-01
  2.5454E+00  8.5338E+00  2.4242E-03  1.4817E+00  9.8979E-01  1.1867E+01 -9.7551E-01
  2.5554E+00  8.5672E+00  2.4159E-03  1.4729E+00  7.5247E-01  1.2534E+01 -7.3142E-01
  2.5597E+00  8.5818E+00  2.4137E-03  1.4700E+00  6.5049E-01  1.2080E+01 -6.2779E-01
  2.5654E+00  8.6007E+00  2.4115E-03  1.4664E+00  6.9786E-01  1.1280E+01 -6.7947E-01
  2.5754E+00  8.6341E+00  2.4050E-03  1.4582E+00  9.5104E-01  1.1497E+01 -9.3712E-01
  2.5854E+00  8.6675E+00  2.3960E-03  1.4489E+00  8.4896E-01  1.2352E+01 -8.3095E-01
  2.5931E+00  8.6930E+00  2.3915E-03  1.4435E+00  6.4559E-01  1.2020E+01 -6.2301E-01
  2.5955E+00  8.7010E+00  2.3905E-03  1.4420E+00  6.3970E-01  1.1638E+01 -6.1834E-01
  2.6055E+00  8.7344E+00  2.3853E-03  1.4347E+00  8.7912E-01  1.1258E+01 -8.6470E-01
  2.6155E+00  8.7678E+00  2.3766E-03  1.4255E+00  9.0745E-01  1.2239E+01 -8.9097E-01
  2.6255E+00  8.8013E+00  2.3701E-03  1.4180E+00  6.4287E-01  1.2278E+01 -6.1925E-01
  2.6264E+00  8.8042E+00  2.3697E-03  1.4174E+00  6.3198E-01  1.2152E+01 -6.0844E-01
  2.6355E+00  8.8347E+00  2.3660E-03  1.4115E+00  7.7446E-01  1.1325E+01 -7.5788E-01
  2.6456E+00  8.8681E+00  2.3582E-03  1.4027E+00  9.3416E-01  1.1821E+01 -9.1926E-01
  2.6556E+00  8.9016E+00  2.3503E-03  1.3945E+00  7.1700E-01  1.2393E+01 -6.9553E-01
  2.6597E+00  8.9154E+00  2.3483E-03  1.3918E+00  6.3238E-01  1.1993E+01 -6.0951E-01
  2.6656E+00  8.9350E+00  2.3461E-03  1.3881E+00  6.7991E-01  1.1264E+01 -6.6120E-01
  2.6756E+00  8.9684E+00  2.3397E-03  1.3802E+00  9.0293E-01  1.1499E+01 -8.8834E-01
  2.6856E+00  9.0019E+00  2.3312E-03  1.3715E+00  8.0333E-01  1.2271E+01 -7.8463E-01
  2.6931E+00  9.0266E+00  2.3269E-03  1.3664E+00  6.2789E-01  1.1958E+01 -6.0500E-01
  2.6957E+00  9.0353E+00  2.3259E-03  1.3649E+00  6.2416E-01  1.1587E+01 -6.0254E-01
  2.7057E+00  9.0687E+00  2.3208E-03  1.3578E+00  8.4109E-01  1.1288E+01 -8.2598E-01
  2.7157E+00  9.1022E+00  2.3126E-03  1.3491E+00  8.5674E-01  1.2051E+01 -8.3984E-01
  2.7257E+00  9.1356E+00  2.3067E-03  1.3420E+00  6.2103E-01  1.2042E+01 -5.9754E-01
  2.7264E+00  9.1379E+00  2.3065E-03  1.3416E+00  6.1408E-01  1.1955E+01 -5.9066E-01
  2.7358E+00  9.1690E+00  2.3030E-03  1.3356E+00  7.4746E-01  1.1225E+01 -7.3060E-01
  2.7458E+00  9.2025E+00  2.2958E-03  1.3273E+00  8.8415E-01  1.1679E+01 -8.6878E-01
  2.7558E+00  9.2359E+00  2.2886E-03  1.3195E+00  6.8524E-01  1.2165E+01 -6.6358E-01
  2.7597E+00  9.2491E+00  2.2869E-03  1.3170E+00  6.1512E-01  1.1816E+01 -5.9228E-01
  2.7658E+00  9.2693E+00  2.2848E-03  1.3133E+00  6.6250E-01  1.1156E+01 -6.4364E-01
  2.7758E+00  9.3028E+00  2.2789E-03  1.3058E+00  8.5904E-01  1.1407E+01 -8.4391E-01
  2.7859E+00  9.3362E+00  2.2711E-03  1.2975E+00  7.6230E-01  1.2106E+01 -7.4305E-01
  2.7931E+00  9.3603E+00  2.2673E-03  1.2928E+00  6.1079E-01  1.1815E+01 -5.8774E-01
  2.7959E+00  9.3696E+00  2.2663E-03  1.2911E+00  6.0910E-01  1.1459E+01 -5.8736E-01
  2.8059E+00  9.4031E+00  2.2615E-03  1.2843E+00  8.0570E-01  1.1229E+01 -7.9003E-01
  2.8159E+00  9.4365E+00  2.2540E-03  1.2760E+00  8.1160E-01  1.1845E+01 -7.9428E-01
  2.8259E+00  9.4699E+00  2.2487E-03  1.2692E+00  6.0153E-01  1.1796E+01 -5.7812E-01
  2.8264E+00  9.4715E+00  2.2485E-03  1.2689E+00  5.9754E-01  1.1743E+01 -5.7418E-01
  2.8360E+00  9.5034E+00  2.2452E-03  1.2630E+00  7.2238E-01  1.1101E+01 -7.0521E-01
  2.8460E+00  9.5368E+00  2.2385E-03  1.2551E+00  8.3925E-01  1.1515E+01 -8.2339E-01
  2.8560E+00  9.5702E+00  2.2319E-03  1.2477E+00  6.5701E-01  1.1925E+01 -6.3512E-01
  2.8597E+00  9.5827E+00  2.2304E-03  1.2454E+00  5.9903E-01  1.1621E+01 -5.7616E-01
  2.8660E+00  9.6037E+00  2.2284E-03  1.2417E+00  6.4596E-01  1.1028E+01 -6.2690E-01
  2.8760E+00  9.6371E+00  2.2229E-03  1.2344E+00  8.1909E-01  1.1290E+01 -8.0341E-01
  2.8861E+00  9.6705E+00  2.2156E-03  1.2266E+00  7.2550E-01  1.1923E+01 -7.0567E-01
  2.8931E+00  9.6939E+00  2.2122E-03  1.2222E+00  5.9462E-01  1.1654E+01 -5.7134E-01
  2.8961E+00  9.7040E+00  2.2112E-03  1.2204E+00  5.9482E-01  1.1317E+01 -5.7287E-01
  2.9061E+00  9.7374E+00  2.2067E-03  1.2138E+00  7.7292E-01  1.1144E+01 -7.5664E-01
  2.9161E+00  9.7708E+00  2.1996E-03  1.2060E+00  7.7124E-01  1.1666E+01 -7.5335E-01
  2.9262E+00  9.8042E+00  2.1944E-03  1.1995E+00  5.8407E-01  1.1585E+01 -5.6052E-01
  2.9264E+00  9.8051E+00  2.1943E-03  1.1993E+00  5.8225E-01  1.1559E+01 -5.5873E-01
  2.9362E+00  9.8377E+00  2.1909E-03  1.1934E+00  6.9899E-01  1.0998E+01 -6.8134E-01
  2.9462E+00  9.8711E+00  2.1845E-03  1.1859E+00  7.9868E-01  1.1371E+01 -7.8220E-01
  2.9562E+00  9.9045E+00  2.1783E-03  1.1788E+00  6.3172E-01  1.1714E+01 -6.0942E-01
  2.9597E+00  9.9163E+00  2.1770E-03  1.1767E+00  5.8393E-01  1.1453E+01 -5.6080E-01
  2.9662E+00  9.9380E+00  2.1750E-03  1.1730E+00  6.3010E-01  1.0923E+01 -6.1064E-01
  2.9763E+00  9.9714E+00  2.1699E-03  1.1660E+00  7.8239E-01  1.1186E+01 -7.6601E-01
  2.9863E+00  1.0005E+01  2.1631E-03  1.1585E+00  6.9214E-01  1.1755E+01 -6.7160E-01
  2.9931E+00  1.0027E+01  2.1602E-03  1.1544E+00  5.7908E-01  1.1508E+01 -5.5535E-01
  2.9963E+00  1.0038E+01  2.1592E-03  1.1526E+00  5.8096E-01  1.1191E+01 -5.5860E-01
  3.0063E+00  1.0072E+01  2.1553E-03  1.1462E+00  7.4204E-01  1.1066E+01 -7.2501E-01
  3.0163E+00  1.0105E+01  2.1491E-03  1.1387E+00  7.3432E-01  1.1524E+01 -7.1562E-01
  3.0264E+00  1.0139E+01  2.1450E-03  1.1325E+00  5.6754E-01  1.1420E+01 -5.4352E-01
  3.0364E+00  1.0172E+01  2.1427E-03  1.1267E+00  6.7615E-01  1.0926E+01 -6.5778E-01
  3.0464E+00  1.0205E+01  2.1380E-03  1.1194E+00  7.6074E-01  1.1259E+01 -7.4342E-01
  3.0564E+00  1.0239E+01  2.1340E-03  1.1127E+00  6.0768E-01  1.1543E+01 -5.8468E-01
  3.0597E+00  1.0250E+01  2.1335E-03  1.1108E+00  5.6838E-01  1.1320E+01 -5.4465E-01
  3.0664E+00  1.0272E+01  2.1331E-03  1.1071E+00  6.1335E-01  1.0848E+01 -5.9319E-01
  3.0765E+00  1.0306E+01  2.1308E-03  1.1003E+00  7.4686E-01  1.1101E+01 -7.2958E-01
  3.0865E+00  1.0339E+01  2.1274E-03  1.0933E+00  6.5997E-01  1.1604E+01 -6.3847E-01
  3.0931E+00  1.0361E+01  2.1268E-03  1.0894E+00  5.6224E-01  1.1380E+01 -5.3776E-01
  3.0965E+00  1.0373E+01  2.1271E-03  1.0876E+00  5.6555E-01  1.1086E+01 -5.4246E-01
  3.1065E+00  1.0406E+01  2.1267E-03  1.0814E+00  7.1085E-01  1.0998E+01 -6.9285E-01
  3.1166E+00  1.0439E+01  2.1244E-03  1.0743E+00  6.9822E-01  1.1405E+01 -6.7847E-01
  3.1264E+00  1.0472E+01  2.1241E-03  1.0685E+00  5.5078E-01  1.1297E+01 -5.2592E-01
  3.1266E+00  1.0473E+01  2.1241E-03  1.0684E+00  5.4996E-01  1.1283E+01 -5.2512E-01
  3.1366E+00  1.0506E+01  2.1252E-03  1.0628E+00  6.5191E-01  1.0871E+01 -6.3253E-01
  3.1466E+00  1.0540E+01  2.1239E-03  1.0559E+00  7.2353E-01  1.1164E+01 -7.0514E-01
  3.1566E+00  1.0573E+01  2.1230E-03  1.0495E+00  5.8355E-01  1.1397E+01 -5.5953E-01
  3.1597E+00  1.0584E+01  2.1233E-03  1.0478E+00  5.5145E-01  1.1208E+01 -5.2679E-01
  3.1667E+00  1.0607E+01  2.1245E-03  1.0441E+00  5.9522E-01  1.0790E+01 -5.7408E-01
  3.1767E+00  1.0640E+01  2.1242E-03  1.0376E+00  7.1242E-01  1.1022E+01 -6.9403E-01
  3.1867E+00  1.0673E+01  2.1227E-03  1.0309E+00  6.2948E-01  1.1458E+01 -6.0683E-01
  3.1931E+00  1.0695E+01  2.1230E-03  1.0274E+00  5.4530E-01  1.1256E+01 -5.1987E-01
  3.1967E+00  1.0707E+01  2.1236E-03  1.0255E+00  5.5001E-01  1.0984E+01 -5.2599E-01
  3.2067E+00  1.0740E+01  2.1242E-03  1.0195E+00  6.8125E-01  1.0927E+01 -6.6215E-01
  3.2168E+00  1.0774E+01  2.1226E-03  1.0128E+00  6.6508E-01  1.1286E+01 -6.4413E-01
  3.2264E+00  1.0806E+01  2.1228E-03  1.0073E+00  5.3527E-01  1.1179E+01 -5.0942E-01
  3.2268E+00  1.0807E+01  2.1229E-03  1.0071E+00  5.3376E-01  1.1152E+01 -5.0795E-01
  3.2368E+00  1.0841E+01  2.1243E-03  1.0016E+00  6.2936E-01  1.0811E+01 -6.0887E-01
  3.2468E+00  1.0874E+01  2.1232E-03  9.9506E-01  6.9213E-01  1.1077E+01 -6.7256E-01
  3.2568E+00  1.0907E+01  2.1226E-03  9.8893E-01  5.5080E-01  1.1356E+01 -5.2464E-01
  3.2669E+00  1.0941E+01  2.1256E-03  9.8444E-01  4.2770E-01  1.1021E+01 -3.9529E-01
  3.2769E+00  1.0974E+01  2.1303E-03  9.8061E-01  4.1197E-01  1.0936E+01 -3.7848E-01
  3.2969E+00  1.1041E+01  2.1400E-03  9.7301E-01  4.1380E-01  1.0940E+01 -3.7990E-01
