  1.598322955921E-02  7.000005414032E-02  1.993687709199E+00  9.679808470554E+01 -5.937566839447E-02  2.501453898567E-01  2.618636690860E-01  3.814805724147E+03  6.987875336819E+03
  3.638634728385E-02  1.400000541403E-01  2.246811484767E+00  1.206187498532E+01 -1.935827419406E-01  3.039862213153E-01  4.079227863488E-01  3.608730289633E+02  1.666332018049E+04
  5.703038121365E-02  2.100000541403E-01  3.985468728260E+00  8.302124817547E+01 -3.758910891241E-01  2.204783299624E-01  4.503903465617E-01 -1.943387622316E+04 -2.566073070462E+03
  7.789208213532E-02  2.800000541403E-01  5.155124623052E+00  5.571481529838E+01 -5.598515172103E-01  1.409225312086E-01  4.799214206852E-01 -1.798633644950E+04  1.695532904600E+04
  9.877498828347E-02  3.500000541403E-01  5.140487949349E+00 -6.966793140683E-01 -7.576990361330E-01  5.030410375862E-02  5.394524522268E-01 -2.619371342711E+04  9.623222792795E+03
  1.196571899333E-01  4.200000541403E-01  5.139256336886E+00 -5.895435171045E-02 -9.631678499761E-01 -6.028699470667E-02  5.551947358849E-01 -2.680426179632E+04 -1.726776953032E+03
  1.405394463738E-01  4.900000541403E-01  5.139276371182E+00 -8.891119536310E-05 -1.148146855843E+00 -1.572228765575E-01  5.301150907002E-01 -2.004745413102E+04 -9.718461932749E+03
  1.614217989477E-01  5.600000541403E-01  5.139299074376E+00  4.460648002091E-07 -1.292685596160E+00 -2.199753906607E-01  4.842272534885E-01 -1.088102524137E+04 -1.202879564549E+04
  1.823042248614E-01  6.300000541403E-01  5.139311900032E+00  1.122594641784E-07 -1.391460833990E+00 -2.483922843662E-01  4.370635635037E-01 -3.582609057403E+03 -1.088337423115E+04
  2.031866845820E-01  7.000000541403E-01  5.139316546758E+00  2.042515870801E-08 -1.452454335531E+00 -2.530837922565E-01  3.965299013556E-01  8.429355265230E+02 -9.100264748172E+03
  2.240691549762E-01  7.700000541403E-01  5.139317760986E+00  7.786156742436E-09 -1.488339284820E+00 -2.443397052230E-01  3.624005544280E-01  3.202423263458E+03 -7.796853501803E+03
  2.449516278463E-01  8.400000541403E-01  5.139317981411E+00  2.842690397740E-09 -1.509484961269E+00 -2.285850364933E-01  3.324481482553E-01  4.418741159326E+03 -7.018269708385E+03
  2.658341010378E-01  9.100000541403E-01  5.139317976066E+00  7.853401016152E-10 -1.522348838283E+00 -2.091963934288E-01  3.049133719828E-01  5.058142028153E+03 -6.576601435706E+03
  2.867165741113E-01  9.800000541403E-01  5.139317935873E+00  1.965197663956E-10 -1.530523152136E+00 -1.878628034160E-01  2.787505255488E-01  5.408843892181E+03 -6.324086416970E+03
  3.075990470269E-01  1.050000054140E+00  5.139317900374E+00  4.977109803690E-11 -1.535955568298E+00 -1.654388903901E-01  2.533820572043E-01  5.610740879006E+03 -6.175284719156E+03
  3.284815198180E-01  1.120000054140E+00  5.139317874454E+00  1.343167631887E-11 -1.539719949962E+00 -1.423734580945E-01  2.284896050265E-01  5.732576064892E+03 -6.084287100658E+03
  3.493639925205E-01  1.190000054140E+00  5.139317856330E+00  3.868670541917E-12 -1.542428711027E+00 -1.189129469894E-01  2.038933956502E-01  5.809357698248E+03 -6.026493953513E+03
  3.702464651611E-01  1.260000054140E+00  5.139317843688E+00  1.217109837013E-12 -1.544444704780E+00 -9.519877330029E-02  1.794885796005E-01  5.859693024225E+03 -5.988422830782E+03
  3.911289377585E-01  1.330000054140E+00  5.139317834766E+00  4.346820855492E-13 -1.545991057489E+00 -7.131544071431E-02  1.552119348585E-01  5.893901992077E+03 -5.962452485299E+03
  4.120114103250E-01  1.400000054140E+00  5.139317828363E+00  1.738728344762E-13 -1.547209770753E+00 -4.731530575106E-02  1.310241196784E-01  5.917939605023E+03 -5.944133109322E+03
  4.328938828693E-01  1.470000054140E+00  5.139317823687E+00  4.346820866544E-14 -1.548194071373E+00 -2.323186151781E-02  1.068999378230E-01  5.935367633542E+03 -5.930784522125E+03
  4.537763553968E-01  1.540000054140E+00  5.139317820532E+00  2.651560730723E-11 -1.548636952185E+00  9.132029692669E-04  8.282286256363E-02  5.946670452007E+03 -5.922190739283E+03
  4.746588279192E-01  1.610000054140E+00  5.139317820532E+00  0.000000000000E+00 -1.548636952185E+00  2.507617296848E-02  5.875936042108E-02  5.946670452007E+03 -5.922190739283E+03
  4.955413004416E-01  1.680000054140E+00  5.139317820532E+00  0.000000000000E+00 -1.548636952185E+00  4.923914296769E-02  3.469585827853E-02  5.946670452007E+03 -5.922190739283E+03
  5.164237729640E-01  1.750000054140E+00  5.139317820532E+00  0.000000000000E+00 -1.548636952185E+00  7.340211296689E-02  1.063235613598E-02  5.946670452007E+03 -5.922190739283E+03
  5.373062454864E-01  1.820000054140E+00  5.139317820532E+00  0.000000000000E+00 -1.548636952185E+00  9.756508296610E-02 -1.343114600657E-02  5.946670452007E+03 -5.922190739283E+03
  5.581887180088E-01  1.890000054140E+00  5.139317820532E+00  0.000000000000E+00 -1.548636952185E+00  1.217280529653E-01 -3.749464814912E-02  5.946670452007E+03 -5.922190739283E+03
  5.790711905313E-01  1.960000054140E+00  5.139317820532E+00  0.000000000000E+00 -1.548636952185E+00  1.458910229645E-01 -6.155815029167E-02  5.946670452007E+03 -5.922190739283E+03
  5.999536630537E-01  2.030000054140E+00  5.139317820532E+00  0.000000000000E+00 -1.548636952185E+00  1.700539929637E-01 -8.562165243422E-02  5.946670452007E+03 -5.922190739283E+03
  6.208361355761E-01  2.100000054140E+00  5.139317820532E+00  0.000000000000E+00 -1.548636952185E+00  1.942169629629E-01 -1.096851545768E-01  5.946670452007E+03 -5.922190739283E+03
  6.417186080985E-01  2.170000054140E+00  5.139317820532E+00  0.000000000000E+00 -1.548636952185E+00  2.183799329621E-01 -1.337486567193E-01  5.946670452007E+03 -5.922190739283E+03
  6.626010806209E-01  2.240000054140E+00  5.139317820532E+00  0.000000000000E+00 -1.548636952185E+00  2.425429029614E-01 -1.578121588619E-01  5.946670452007E+03 -5.922190739283E+03
  6.834835531434E-01  2.310000054140E+00  5.139317820532E+00  0.000000000000E+00 -1.548636952185E+00  2.667058729606E-01 -1.818756610044E-01  5.946670452007E+03 -5.922190739283E+03
  7.043660256658E-01  2.380000054140E+00  5.139317820532E+00  0.000000000000E+00 -1.548636952185E+00  2.908688429598E-01 -2.059391631470E-01  5.946670452007E+03 -5.922190739283E+03
  7.252484981882E-01  2.450000054140E+00  5.139317820532E+00  0.000000000000E+00 -1.548636952185E+00  3.150318129590E-01 -2.300026652895E-01  5.946670452007E+03 -5.922190739283E+03
  7.461309707106E-01  2.520000054140E+00  5.139317820532E+00  0.000000000000E+00 -1.548636952185E+00  3.391947829582E-01 -2.540661674321E-01  5.946670452007E+03 -5.922190739283E+03
  7.670134432330E-01  2.590000054140E+00  5.139317820532E+00  0.000000000000E+00 -1.548636952185E+00  3.633577529574E-01 -2.781296695746E-01  5.946670452007E+03 -5.922190739283E+03
  7.878959157554E-01  2.660000054140E+00  5.139317820532E+00  0.000000000000E+00 -1.548636952185E+00  3.875207229566E-01 -3.021931717172E-01  5.946670452007E+03 -5.922190739283E+03
  8.087783882779E-01  2.730000054140E+00  5.139317820532E+00  0.000000000000E+00 -1.548636952185E+00  4.116836929558E-01 -3.262566738597E-01  5.946670452007E+03 -5.922190739283E+03
  8.296608608003E-01  2.800000054140E+00  5.139317820532E+00  0.000000000000E+00 -1.548636952185E+00  4.358466629550E-01 -3.503201760023E-01  5.946670452007E+03 -5.922190739283E+03
  8.505433333227E-01  2.870000054140E+00  5.139317820532E+00  0.000000000000E+00 -1.548636952185E+00  4.600096329542E-01 -3.743836781448E-01  5.946670452007E+03 -5.922190739283E+03
  8.714258058451E-01  2.940000054140E+00  5.139317820532E+00  0.000000000000E+00 -1.548636952185E+00  4.841726029535E-01 -3.984471802874E-01  5.946670452007E+03 -5.922190739283E+03
  8.923082783675E-01  3.010000054140E+00  5.139317820532E+00  0.000000000000E+00 -1.548636952185E+00  5.083355729527E-01 -4.225106824299E-01  5.946670452007E+03 -5.922190739283E+03
  9.131907508899E-01  3.080000054140E+00  5.139317820532E+00  0.000000000000E+00 -1.548636952185E+00  5.324985429519E-01 -4.465741845725E-01  5.946670452007E+03 -5.922190739283E+03
  9.340732234124E-01  3.150000054140E+00  5.139317820532E+00  0.000000000000E+00 -1.548636952185E+00  5.566615129511E-01 -4.706376867150E-01  5.946670452007E+03 -5.922190739283E+03
  9.549556959348E-01  3.220000054140E+00  5.139317820544E+00  4.346820871090E-14 -1.548637313292E+00  5.808244829503E-01 -4.947011888575E-01  5.946735485177E+03 -5.922114626697E+03
  9.758381684574E-01  3.290000054140E+00  5.139317820630E+00 -4.346820871045E-14 -1.548639833672E+00  6.049886249845E-01 -5.187633258707E-01  5.947213189589E+03 -5.921560554872E+03
  9.967206409804E-01  3.360000054140E+00  5.139317820742E+00  0.000000000000E+00 -1.548646517045E+00  6.291551283911E-01 -5.428227441162E-01  5.947909549352E+03 -5.920763414061E+03
  1.017603113504E+00  3.430000054140E+00  5.139317820891E+00  0.000000000000E+00 -1.548658702074E+00  6.533250437813E-01 -5.668782768485E-01  5.948909616953E+03 -5.919629279945E+03
  1.038485586028E+00  3.500000054140E+00  5.139317821090E+00  0.000000000000E+00 -1.548678228636E+00  6.774998414142E-01 -5.909282940358E-01  5.950337650807E+03 -5.918021008672E+03
  1.059368058553E+00  3.570000054140E+00  5.139317821359E+00  4.346820870509E-14 -1.548707668239E+00  7.016816101549E-01 -6.149704830995E-01  5.952378477653E+03 -5.915734716529E+03
  1.080250531080E+00  3.640000054140E+00  5.139317821727E+00  4.346820870243E-14 -1.548750685481E+00  7.258733703962E-01 -6.390015040957E-01  5.955313485047E+03 -5.912460114413E+03
  1.101133003608E+00  3.710000054140E+00  5.139317822238E+00  0.000000000000E+00 -1.548812620980E+00  7.500795804527E-01 -6.630164316417E-01  5.959582562842E+03 -5.907712213304E+03
  1.122015476139E+00  3.780000054140E+00  5.139317822960E+00  4.346820869359E-14 -1.548901461433E+00  7.743069827032E-01 -6.870078220886E-01  5.965894552908E+03 -5.900709448311E+03
  1.142897948673E+00  3.850000054140E+00  5.139317823996E+00  4.346820868625E-14 -1.549029511117E+00  7.985660666572E-01 -7.109640995622E-01  5.975430855484E+03 -5.890148763073E+03
  1.163780421213E+00  3.920000054140E+00  5.139317825502E+00  2.173410433782E-13 -1.549216379807E+00  8.228736935171E-01 -7.348666578141E-01  5.990235843043E+03 -5.873773590613E+03
  1.184662893759E+00  3.990000054140E+00  5.139317827704E+00  7.824277558824E-13 -1.549494545770E+00  8.472579996560E-01 -7.586844367912E-01  6.013997098219E+03 -5.847508142238E+03
  1.205545361049E+00  4.060000054140E+00  5.138167336470E+00 -5.480910816431E-02 -1.549920202579E+00  8.719152847098E-01 -7.824953948277E-01  6.188416661030E+03 -5.924453727002E+03
  1.226427498977E+00  4.130000054140E+00  5.129931093657E+00 -3.925550674284E-01 -1.550595526831E+00  8.981739475759E-01 -8.073135719958E-01  5.470971707538E+03 -5.139371294699E+03
  1.247313547203E+00  4.200000054140E+00  5.402160271914E+00  1.297284565309E+01 -1.551684614415E+00  9.003115612818E-01 -8.096942866086E-01 -2.799980668985E+03  2.526055634557E+03
  1.268210311590E+00  4.270000054140E+00  5.656039382373E+00  1.209758360163E+01 -1.553480348609E+00  9.026647510211E-01 -8.110753793982E-01  1.938714231891E+03 -1.305050131925E+03
  1.289115749460E+00  4.340000054140E+00  6.019845036980E+00  1.733609463735E+01 -1.556529174143E+00  9.041664341979E-01 -8.095910075636E-01  2.386699507330E+03 -8.999823053681E+02
  1.310028799577E+00  4.410000054140E+00  6.279681363716E+00  1.238195007408E+01 -1.561711228852E+00  9.096739919115E-01 -8.080908856741E-01 -1.400522601348E+03  3.871173446955E+03
  1.330948659246E+00  4.480000054140E+00  6.582344446475E+00  1.442229595053E+01 -1.570032448051E+00  9.167257632778E-01 -8.027693190051E-01  5.341029913125E+03 -9.373283965054E+01
  1.351874133201E+00  4.550000054140E+00  6.936703446589E+00  1.688610523578E+01 -1.581818417132E+00  9.251340295956E-01 -7.926635906282E-01  2.595008439366E+03  4.375345115537E+03
  1.372804722142E+00  4.620000054140E+00  7.172306941412E+00  1.122705279889E+01 -1.596543305083E+00  9.370176447892E-01 -7.806589228026E-01  2.374260397004E+03  6.183238123129E+03
  1.393739746084E+00  4.690000054140E+00  7.517102967948E+00  1.643011941179E+01 -1.613148068019E+00  9.471699683410E-01 -7.642893110844E-01  6.727969440966E+03  3.699530420962E+03
  1.414678587905E+00  4.760000054140E+00  7.832489664677E+00  1.502903329679E+01 -1.630603765791E+00  9.581607468412E-01 -7.472005593569E-01  1.406320131194E+03  8.586061456825E+03
  1.435621006489E+00  4.830000054140E+00  8.082160146244E+00  1.189720549127E+01 -1.648410303548E+00  9.702413314434E-01 -7.305630202911E-01  5.222486106489E+03  6.058190660985E+03
  1.456566498239E+00  4.900000054140E+00  8.450613675765E+00  1.755754589550E+01 -1.666157082543E+00  9.803602014507E-01 -7.125501072375E-01  6.375168003501E+03  5.491148944747E+03
  1.477514752084E+00  4.970000054140E+00  8.722456620813E+00  1.295400617024E+01 -1.683628510998E+00  9.918461188879E-01 -6.959081499415E-01  8.867434876535E+02  9.566860711688E+03
  1.498465587757E+00  5.040000054140E+00  9.014926629331E+00  1.393665992955E+01 -1.700796806161E+00  1.002358757933E+00 -6.791254886489E-01  7.004937673769E+03  5.447030187343E+03
  1.519418637489E+00  5.110000054140E+00  9.376686559564E+00  1.723863796260E+01 -1.717521468338E+00  1.010632140377E+00 -6.614299649283E-01  3.490197532211E+03  7.858970521929E+03
  1.540373758725E+00  5.180000054140E+00  9.620078144129E+00  1.159816521463E+01 -1.733825547464E+00  1.018911456191E+00 -6.444308180835E-01  7.227542221328E+02  9.622579493345E+03
  1.561330774647E+00  5.250000054140E+00  9.957989072436E+00  1.610201672000E+01 -1.749721547217E+00  1.024051061207E+00 -6.261948289862E-01  5.606448133001E+03  6.549559729762E+03
  1.582289439549E+00  5.320000054140E+00  1.028574347098E+01  1.561828793839E+01 -1.765146302749E+00  1.028822669259E+00 -6.084706193093E-01 -9.242701820835E+01  9.926643989364E+03
  1.603249686081E+00  5.390000054140E+00  1.052979864236E+01  1.162964858736E+01 -1.780182439796E+00  1.034277626684E+00 -5.918734096806E-01  2.554239276383E+03  8.314285457655E+03
  1.624211340293E+00  5.460000054140E+00  1.089537459345E+01  1.742039620863E+01 -1.794814469633E+00  1.037741138516E+00 -5.748162434716E-01  4.517578906511E+03  7.161689875832E+03
  1.645174281908E+00  5.530000054140E+00  1.118381620891E+01  1.374495930859E+01 -1.809028849111E+00  1.041911469909E+00 -5.587990077185E-01 -1.673453470322E+03  1.046338081547E+04
  1.666138469825E+00  5.600000054140E+00  1.146433435006E+01  1.336712945498E+01 -1.822896302224E+00  1.046187969777E+00 -5.434592754552E-01  4.541527635078E+03  7.115716433992E+03
  1.687103740104E+00  5.670000054140E+00  1.183049916839E+01  1.744851306916E+01 -1.836384641479E+00  1.049094295391E+00 -5.279682080707E-01  2.426117755773E+03  8.154605006990E+03
  1.708070033587E+00  5.740000054140E+00  1.208039548730E+01  1.190814270926E+01 -1.849527927994E+00  1.052619713505E+00 -5.133357890644E-01 -1.664219470385E+03  1.009999431628E+04
  1.729037295094E+00  5.810000054140E+00  1.240734955141E+01  1.557991191516E+01 -1.862361080901E+00  1.053967606684E+00 -4.981897155369E-01  3.990583552417E+03  7.299781790334E+03
  1.750005417354E+00  5.880000054140E+00  1.275103697626E+01  1.637748692401E+01 -1.874848613219E+00  1.054536650990E+00 -4.832070813365E-01 -1.425083195972E+03  9.733811442037E+03
  1.770974373942E+00  5.950000054140E+00  1.299152634741E+01  1.145977065424E+01 -1.887045919131E+00  1.055852587099E+00 -4.690881970879E-01 -2.126783892128E+02  9.080849995264E+03
  1.791944087183E+00  6.020000054140E+00  1.335111974089E+01  1.713530109915E+01 -1.898954444839E+00  1.055352335172E+00 -4.546605453029E-01  2.674745428326E+03  7.725317595563E+03
  1.812914495279E+00  6.090000054140E+00  1.365201853190E+01  1.433855761669E+01 -1.910555525357E+00  1.055220174433E+00 -4.408747460259E-01 -3.737962067289E+03  1.033550858191E+04
  1.833885588035E+00  6.160000054140E+00  1.392016478435E+01  1.277759711128E+01 -1.921893945505E+00  1.055505451460E+00 -4.277366845420E-01  1.833405329386E+03  7.929455199768E+03
  1.854857294642E+00  6.230000054140E+00  1.429344591903E+01  1.778760052052E+01 -1.932941678132E+00  1.055096708425E+00 -4.147603203588E-01  1.603780220785E+03  7.929640023837E+03
  1.875829581521E+00  6.300000054140E+00  1.455306892359E+01  1.237164091297E+01 -1.943700629042E+00  1.055882342656E+00 -4.026843597371E-01 -3.459308585435E+03  9.769442806660E+03
  1.896802427628E+00  6.370000054140E+00  1.486701385664E+01  1.496001112560E+01 -1.954184264276E+00  1.055348793356E+00 -3.905467647031E-01  2.650355177778E+03  7.333160092764E+03
  1.917775774441E+00  6.440000054140E+00  1.522011088137E+01  1.682583816633E+01 -1.964342632408E+00  1.053952570887E+00 -3.785469068390E-01 -2.021561122218E+03  8.872280280265E+03
  1.938749609503E+00  6.510000054140E+00  1.546160640410E+01  1.150775410118E+01 -1.974171177624E+00  1.053013645450E+00 -3.672087119870E-01 -2.746212233167E+03  8.902323995308E+03
  1.959723901774E+00  6.580000054140E+00  1.581508661536E+01  1.684397841884E+01 -1.983619435925E+00  1.050395868449E+00 -3.558389850111E-01  1.284512262886E+03  7.233961866887E+03
  1.980698611554E+00  6.650000054140E+00  1.612916431987E+01  1.496652906188E+01 -1.992584377509E+00  1.048043233759E+00 -3.451979841067E-01 -4.968501904282E+03  8.935230526037E+03
  2.001673735756E+00  6.720000054140E+00  1.638625244360E+01  1.225067631959E+01 -2.000959445743E+00  1.046199446997E+00 -3.355052522187E-01 -5.300858887853E+02  6.944213945366E+03
  2.022649237505E+00  6.790000054140E+00  1.675812944644E+01  1.772066804489E+01 -2.008514367103E+00  1.043428877120E+00 -3.265150113246E-01  4.209138203699E+01  5.977736225724E+03
  2.043625097693E+00  6.860000054140E+00  1.703310290221E+01  1.310310761129E+01 -2.014934206653E+00  1.041253804656E+00 -3.190588732057E-01 -5.734667217295E+03  6.618579633287E+03
  2.064601313640E+00  6.930000054140E+00  1.733378961229E+01  1.432822269454E+01 -2.019895550478E+00  1.038749547496E+00 -3.132310821425E-01  5.464443298312E+02  3.245970547136E+03
  2.085577845896E+00  7.000000054140E+00  1.769424462428E+01  1.717642728355E+01 -2.023251843315E+00  1.035255101009E+00 -3.089837419984E-01 -3.181478009561E+03  2.908319640012E+03
  2.106554686421E+00  7.070000054140E+00  1.793797626375E+01  1.161432991680E+01 -2.025246756870E+00  1.032059542503E+00 -3.064034786619E-01 -5.527673839379E+03  2.524944052263E+03
  2.127531821948E+00  7.140000054140E+00  1.828119338992E+01  1.635492842072E+01 -2.026332906944E+00  1.027486316849E+00 -3.044309096564E-01 -7.377963478354E+02  4.610614516355E+02
  2.148509228753E+00  7.210000054140E+00  1.861207671626E+01  1.576732607948E+01 -2.026900196808E+00  1.022897575276E+00 -3.030144787237E-01 -6.444273054626E+03  1.799420965656E+03
  2.169486906074E+00  7.280000054140E+00  1.886060198859E+01  1.184268301514E+01 -2.027184645378E+00  1.019091310772E+00 -3.021313436935E-01 -3.277934996020E+03  6.614244668021E+02
  2.190464831305E+00  7.350000054140E+00  1.922809106125E+01  1.751157958926E+01 -2.027301132415E+00  1.014493935961E+00 -3.011865098888E-01 -1.551089782505E+03  1.632737142472E+01
  2.211442991190E+00  7.420000054140E+00  1.951471814166E+01  1.365843257796E+01 -2.027296027299E+00  1.010567393590E+00 -3.005622757048E-01 -7.333274294275E+03  1.622040673419E+03
  2.232421386908E+00  7.490000054140E+00  1.980062894716E+01  1.362415133725E+01 -2.027171324139E+00  1.006924021569E+00 -3.001428301268E-01 -1.118594561450E+03 -3.607609887267E+02
  2.253399997659E+00  7.560000054140E+00  2.017300206167E+01  1.774434639441E+01 -2.026886806241E+00  1.002610261407E+00 -2.996820755967E-01 -3.545975510797E+03  1.604045671016E+02
  2.274378816873E+00  7.630000054140E+00  2.042316476054E+01  1.192080214670E+01 -2.026340243209E+00  9.987554230030E-01 -2.996244242571E-01 -6.968791275567E+03  8.325271244832E+02
  2.295357837694E+00  7.700000054140E+00  2.075400109241E+01  1.576495812442E+01 -2.025329774385E+00  9.939303964662E-01 -2.997518335763E-01 -1.737491413058E+03 -1.380761696474E+03
  2.316337043409E+00  7.770000054140E+00  2.109596462067E+01  1.629530912113E+01 -2.023543233044E+00  9.887652535698E-01 -3.005938241837E-01 -6.952366033689E+03 -8.509449162882E+02
  2.337316433593E+00  7.840000054140E+00  2.134007751048E+01  1.163246077437E+01 -2.020660149269E+00  9.839110888485E-01 -3.027087156796E-01 -5.927989803159E+03 -2.519248931465E+03
  2.358295997060E+00  7.910000054140E+00  2.170421970724E+01  1.735209469431E+01 -2.016589478347E+00  9.779421960378E-01 -3.057489422103E-01 -3.376937525446E+03 -4.604513044604E+03
  2.379275723054E+00  7.980000054140E+00  2.200397421430E+01  1.428398798480E+01 -2.011542381488E+00  9.722433176281E-01 -3.098897346166E-01 -9.406661680284E+03 -3.645913594464E+03
  2.400255613022E+00  8.050000054140E+00  2.227602206054E+01  1.296357060879E+01 -2.005831130987E+00  9.667301803747E-01 -3.147353371345E-01 -4.226663841145E+03 -5.915271014650E+03
  2.421235653915E+00  8.120000054140E+00  2.264970143877E+01  1.780658379444E+01 -1.999733259523E+00  9.608405263794E-01 -3.198121907704E-01 -4.748844763842E+03 -6.119335309645E+03
  2.442215841132E+00  8.190000054140E+00  2.291243530710E+01  1.251985383780E+01 -1.993423904386E+00  9.556057512586E-01 -3.252757284414E-01 -9.354533974830E+03 -4.781782396079E+03
  2.463196173803E+00  8.260000054140E+00  2.323059857697E+01  1.516106367094E+01 -1.987003349091E+00  9.495719586618E-01 -3.305194682916E-01 -3.846909862991E+03 -6.795399170459E+03
  2.484176638343E+00  8.330000054140E+00  2.358230560393E+01  1.675958445497E+01 -1.980549978283E+00  9.433043007753E-01 -3.356611902782E-01 -7.879490057775E+03 -5.439464442011E+03
  2.505157234030E+00  8.400000054140E+00  2.382433508493E+01  1.153319436676E+01 -1.974094153066E+00  9.375644716503E-01 -3.409283267181E-01 -8.070635943047E+03 -5.383980518618E+03
  2.526137955106E+00  8.470000054140E+00  2.418009988085E+01  1.695287604073E+01 -1.967662291892E+00  9.311043510905E-01 -3.458430572160E-01 -4.517586454205E+03 -6.685781296664E+03
  2.547118794053E+00  8.540000054140E+00  2.449713928057E+01  1.510762553780E+01 -1.961280808272E+00  9.248767749769E-01 -3.507344711827E-01 -9.968447228220E+03 -4.613507257616E+03
  2.568099752578E+00  8.610000054140E+00  2.475715131111E+01  1.239004655626E+01 -1.954947601964E+00  9.191832020581E-01 -3.557118169328E-01 -5.749127396239E+03 -6.191467638764E+03
  2.589080820912E+00  8.680000054140E+00  2.512855085229E+01  1.769793301875E+01 -1.948676343143E+00  9.130785422037E-01 -3.604100977345E-01 -5.351530676058E+03 -6.315050065597E+03
  2.610061995215E+00  8.750000054140E+00  2.540192071446E+01  1.302667779157E+01 -1.942472626732E+00  9.074827911464E-01 -3.651859328412E-01 -1.013948195321E+04 -4.356709232581E+03
  2.631043276755E+00  8.820000054140E+00  2.570553358241E+01  1.446770627935E+01 -1.936330480179E+00  9.018367023356E-01 -3.698178324760E-01 -4.455151634971E+03 -6.615215584513E+03
  2.652024656693E+00  8.890000054140E+00  2.607074280655E+01  1.740297898031E+01 -1.930262093546E+00  8.957959479937E-01 -3.741621147605E-01 -7.683075194765E+03 -5.231847758986E+03
  2.673006133811E+00  8.960000054140E+00  2.631513377445E+01  1.164574047605E+01 -1.924260864685E+00  8.901300562875E-01 -3.785362684208E-01 -9.290306838189E+03 -4.489717382261E+03
  2.693987704667E+00  9.030000054140E+00  2.666009619771E+01  1.643811362680E+01 -1.918324595203E+00  8.838100494527E-01 -3.825043770962E-01 -5.215085944362E+03 -6.175774686524E+03
  2.714969363114E+00  9.100000054140E+00  2.698936484097E+01  1.569036431273E+01 -1.912462525427E+00  8.775740798301E-01 -3.863788199176E-01 -1.008264057115E+04 -3.984836099893E+03
  2.735951110404E+00  9.170000054140E+00  2.724045525797E+01  1.196492992750E+01 -1.906664107192E+00  8.717975531498E-01 -3.903285447921E-01 -7.354757468450E+03 -5.124194022076E+03
  2.756932941061E+00  9.240000054140E+00  2.761189247916E+01  1.769971822831E+01 -1.900933819886E+00  8.656374570863E-01 -3.939812552843E-01 -5.724211409254E+03 -5.799596805610E+03
  2.777914851424E+00  9.310000054140E+00  2.789751062335E+01  1.361033322802E+01 -1.895275344641E+00  8.599983292630E-01 -3.977472420796E-01 -1.065021152847E+04 -3.468724247296E+03
  2.798896842645E+00  9.380000054140E+00  2.818588526146E+01  1.374157680791E+01 -1.889680885863E+00  8.544709624817E-01 -4.014440833172E-01 -5.416681453927E+03 -5.836541149337E+03
  2.819878908602E+00  9.450000054140E+00  2.855689624293E+01  1.767943643085E+01 -1.884160366329E+00  8.485340112881E-01 -4.048255632744E-01 -7.639891584444E+03 -4.715066647128E+03
  2.840861048145E+00  9.520000054140E+00  2.880989500459E+01  1.205593556243E+01 -1.878712708300E+00  8.428414318781E-01 -4.081967830508E-01 -1.055001655232E+04 -3.224409020507E+03
  2.861843260371E+00  9.590000054140E+00  2.914361011710E+01  1.590214733030E+01 -1.873338455075E+00  8.365733632844E-01 -4.111561339162E-01 -6.022865973519E+03 -5.333333393949E+03
  2.882825539605E+00  9.660000054140E+00  2.948435764131E+01  1.623734762887E+01 -1.868051956239E+00  8.303319709888E-01 -4.139874495435E-01 -1.012359640904E+04 -3.192056984479E+03
  2.903807886513E+00  9.730000054140E+00  2.972938094246E+01  1.167583477850E+01 -1.862854738919E+00  8.245507077589E-01 -4.168999631634E-01 -8.705200980256E+03 -3.768092121736E+03
  2.924790297763E+00  9.800000054140E+00  3.009463874446E+01  1.740524706525E+01 -1.857763619521E+00  8.184054755696E-01 -4.194668642167E-01 -6.337762887957E+03 -4.818802053872E+03
  2.945772770506E+00  9.870000054140E+00  3.039738921409E+01  1.442672241441E+01 -1.852805645292E+00  8.126149453597E-01 -4.220318668818E-01 -1.106985604909E+04 -2.174580279822E+03
  2.966755306258E+00  9.940000054140E+00  3.067171535683E+01  1.307213867495E+01 -1.848007909421E+00  8.072019981155E-01 -4.245788118546E-01 -6.395493124107E+03 -4.350890386929E+03
  2.987737899892E+00  1.001000005414E+01  3.104358519239E+01  1.772034791803E+01 -1.843430714882E+00  8.016806960304E-01 -4.268030446715E-01 -6.837854038763E+03 -3.755718076321E+03
  3.008720550234E+00  1.008000005414E+01  3.130480585940E+01  1.244772766983E+01 -1.839161049414E+00  7.966851866414E-01 -4.289550706786E-01 -1.028098492566E+04 -1.370443130090E+03
  3.029703257574E+00  1.015000005414E+01  3.162472125211E+01  1.524455829860E+01 -1.835333649921E+00  7.914592347359E-01 -4.304942529343E-01 -5.305282540823E+03 -3.257767764492E+03
  3.050686017876E+00  1.022000005414E+01  3.198041378966E+01  1.694949042672E+01 -1.832142631588E+00  7.863376682584E-01 -4.314054715541E-01 -8.293254709222E+03 -4.887270760615E+02
  3.071668831302E+00  1.029000005414E+01  3.222334374407E+01  1.157609402351E+01 -1.829755986921E+00  7.819281985230E-01 -4.318397495574E-01 -7.673509302687E+03  5.332956362401E+02
  3.092651695540E+00  1.036000005414E+01  3.257973904263E+01  1.698292194047E+01 -1.828195286001E+00  7.774620627602E-01 -4.313584241300E-01 -4.267696792070E+03 -1.269284136540E+02
  3.113634607978E+00  1.043000005414E+01  3.289526723476E+01  1.503560054688E+01 -1.827287394707E+00  7.734494744006E-01 -4.304437135598E-01 -8.401582415454E+03  2.999062771062E+03
  3.134617569821E+00  1.050000005414E+01  3.315725762623E+01  1.248432781479E+01 -1.826787209598E+00  7.699429087956E-01 -4.293944646117E-01 -4.607009871241E+03  1.351927631336E+03
  3.155600577939E+00  1.057000005414E+01  3.353295573293E+01  1.790276636505E+01 -1.826510427298E+00  7.663809752799E-01 -4.280885529015E-01 -3.853569371007E+03  1.176245942569E+03
  3.176583630953E+00  1.064000005414E+01  3.380539188223E+01  1.298217228645E+01 -1.826351399724E+00  7.633203928440E-01 -4.269422168522E-01 -7.772828915298E+03  3.498725667463E+03
  3.197566729392E+00  1.071000005414E+01  3.411052961759E+01  1.454038189428E+01 -1.826255658986E+00  7.601575684041E-01 -4.256732897077E-01 -3.032469602521E+03  9.189165460151E+02
  3.218549869956E+00  1.078000005414E+01  3.447425147982E+01  1.733210034793E+01 -1.826195626354E+00  7.567817052175E-01 -4.242454337962E-01 -5.704278203369E+03  2.457794536229E+03
  3.239533052576E+00  1.085000005414E+01  3.472111134655E+01  1.176338514222E+01 -1.826156622812E+00  7.536429378634E-01 -4.229260681184E-01 -7.076244944666E+03  3.254004362945E+03
  3.260516276939E+00  1.092000005414E+01  3.506596835260E+01  1.643309133107E+01 -1.826130590198E+00  7.500456392219E-01 -4.213332741942E-01 -2.356501997816E+03  6.199165898054E+02
  3.281499523641E+00  1.099000005414E+01  3.508657951378E+01  9.821594892345E-01 -1.826112825751E+00  7.497003544851E-01 -4.215568776139E-01 -2.807013669631E+02 -5.356260380765E+02
  3.296929999950E+00  1.104147604146E+01  3.508585591183E+01 -4.688936761677E-02 -1.826103392509E+00  7.495626295918E-01 -4.217831238130E-01 -3.334233219572E+02 -5.003724720829E+02
  3.296930000000E+00  1.104147604163E+01  3.508585591183E+01  0.000000000000E+00 -1.826103392509E+00  7.495626295913E-01 -4.217831238137E-01 -3.334233219506E+02 -5.003724720710E+02
