  0.0000E+00  0.0000E+00  0.0000E+00  0.0000E+00  0.0000E+00  0.0000E+00  0.0000E+00
  1.5981E-02  3.3433E-07  2.0861E-04 -3.1622E-07  1.5615E-05 -4.0499E-07  1.5614E-05
  2.0054E-02 -2.3388E-03  9.0044E-02  2.2580E-03  3.8722E-02  3.3638E-03  3.7673E-02
  2.9997E-02 -4.7547E-03  1.9758E-01  4.7434E-03  9.0441E-02 -1.1455E-04  9.0419E-02
  4.0084E-02 -9.0697E-03  2.4057E-01  8.8606E-03  2.6150E-01 -1.1745E-03  2.5794E-01
  5.0106E-02 -1.1525E-02  2.6664E-01  1.1157E-02  3.9401E-01 -1.8370E-03  3.8376E-01
  6.0128E-02 -1.2575E-02  2.8266E-01  1.2054E-02  4.9478E-01 -2.6263E-03  4.7438E-01
  7.0140E-02 -1.2908E-02  2.9107E-01  1.2255E-02  5.8461E-01 -3.4188E-03  5.5234E-01
  8.0168E-02 -1.2610E-02  2.9893E-01  1.1867E-02  6.8264E-01 -4.1555E-03  6.3877E-01
  9.0189E-02 -1.2054E-02  3.0808E-01  1.1261E-02  7.8609E-01 -4.8137E-03  7.3147E-01
  1.0021E-01 -1.1451E-02  3.1590E-01  1.0643E-02  8.8794E-01 -5.3602E-03  8.2399E-01
  1.1023E-01 -1.0867E-02  3.2279E-01  1.0061E-02  9.8995E-01 -5.8493E-03  9.1722E-01
  1.2025E-01 -1.0351E-02  3.2893E-01  9.5599E-03  1.0875E+00 -6.2624E-03  1.0069E+00
  1.3027E-01 -9.9319E-03  3.3443E-01  9.1616E-03  1.1776E+00 -6.6072E-03  1.0895E+00
  1.4022E-01 -9.6554E-03  3.3952E-01  8.9008E-03  1.2593E+00 -6.9113E-03  1.1637E+00
  1.5032E-01 -9.5317E-03  3.4440E-01  8.7846E-03  1.3327E+00 -7.1841E-03  1.2291E+00
  1.6034E-01 -9.5700E-03  3.4913E-01  8.8191E-03  1.3976E+00 -7.4432E-03  1.2852E+00
  1.7036E-01 -9.7129E-03  3.5354E-01  8.9508E-03  1.4528E+00 -7.6643E-03  1.3315E+00
  1.8038E-01 -9.9409E-03  3.5775E-01  9.1607E-03  1.5015E+00 -7.8665E-03  1.3706E+00
  1.9040E-01 -1.0228E-02  3.6187E-01  9.4236E-03  1.5459E+00 -8.0624E-03  1.4046E+00
  2.0042E-01 -1.0537E-02  3.6576E-01  9.7074E-03  1.5863E+00 -8.2372E-03  1.4344E+00
  2.1044E-01 -1.0864E-02  3.6954E-01  1.0008E-02  1.6249E+00 -8.4036E-03  1.4620E+00
  2.2046E-01 -1.1196E-02  3.7315E-01  1.0312E-02  1.6616E+00 -8.5547E-03  1.4876E+00
  2.3048E-01 -1.1527E-02  3.7656E-01  1.0619E-02  1.6962E+00 -8.6843E-03  1.5112E+00
  2.4051E-01 -1.1855E-02  3.7988E-01  1.0921E-02  1.7305E+00 -8.8081E-03  1.5340E+00
  2.5053E-01 -1.2176E-02  3.8305E-01  1.1218E-02  1.7636E+00 -8.9204E-03  1.5558E+00
  2.6055E-01 -1.2488E-02  3.8609E-01  1.1507E-02  1.7959E+00 -9.0231E-03  1.5765E+00
  2.7057E-01 -1.2788E-02  3.8898E-01  1.1786E-02  1.8272E+00 -9.1142E-03  1.5964E+00
  2.8059E-01 -1.3084E-02  3.9179E-01  1.2062E-02  1.8581E+00 -9.1993E-03  1.6156E+00
  2.9061E-01 -1.3370E-02  3.9448E-01  1.2328E-02  1.8881E+00 -9.2750E-03  1.6340E+00
  3.0063E-01 -1.3648E-02  3.9706E-01  1.2588E-02  1.9172E+00 -9.3412E-03  1.6515E+00
  3.1065E-01 -1.3919E-02  3.9953E-01  1.2843E-02  1.9458E+00 -9.4000E-03  1.6685E+00
  3.2067E-01 -1.4180E-02  4.0191E-01  1.3088E-02  1.9737E+00 -9.4516E-03  1.6849E+00
  3.3070E-01 -1.4432E-02  4.0418E-01  1.3326E-02  2.0010E+00 -9.4952E-03  1.7008E+00
  3.4072E-01 -1.4678E-02  4.0637E-01  1.3559E-02  2.0277E+00 -9.5328E-03  1.7161E+00
  3.5074E-01 -1.4918E-02  4.0848E-01  1.3785E-02  2.0538E+00 -9.5646E-03  1.7308E+00
  3.6076E-01 -1.5149E-02  4.1050E-01  1.4005E-02  2.0791E+00 -9.5886E-03  1.7450E+00
  3.7078E-01 -1.5376E-02  4.1244E-01  1.4222E-02  2.1039E+00 -9.6077E-03  1.7588E+00
  3.8080E-01 -1.5596E-02  4.1431E-01  1.4432E-02  2.1280E+00 -9.6219E-03  1.7719E+00
  3.9082E-01 -1.5810E-02  4.1610E-01  1.4637E-02  2.1515E+00 -9.6296E-03  1.7845E+00
  4.0084E-01 -1.6017E-02  4.1782E-01  1.4837E-02  2.1744E+00 -9.6330E-03  1.7969E+00
  4.1086E-01 -1.6220E-02  4.1948E-01  1.5033E-02  2.1967E+00 -9.6311E-03  1.8087E+00
  4.2088E-01 -1.6417E-02  4.2106E-01  1.5223E-02  2.2182E+00 -9.6236E-03  1.8201E+00
  4.3091E-01 -1.6609E-02  4.2259E-01  1.5410E-02  2.2393E+00 -9.6123E-03  1.8311E+00
  4.4093E-01 -1.6796E-02  4.2407E-01  1.5592E-02  2.2599E+00 -9.5986E-03  1.8418E+00
  4.5095E-01 -1.6980E-02  4.2549E-01  1.5772E-02  2.2801E+00 -9.5810E-03  1.8522E+00
  4.6097E-01 -1.7160E-02  4.2686E-01  1.5948E-02  2.2998E+00 -9.5609E-03  1.8623E+00
  4.7099E-01 -1.7335E-02  4.2818E-01  1.6120E-02  2.3190E+00 -9.5380E-03  1.8721E+00
  4.8099E-01 -1.7505E-02  4.2946E-01  1.6287E-02  2.3378E+00 -9.5132E-03  1.8816E+00
  4.9103E-01 -1.7671E-02  4.3068E-01  1.6452E-02  2.3560E+00 -9.4842E-03  1.8907E+00
  5.0105E-01 -1.7834E-02  4.3186E-01  1.6612E-02  2.3739E+00 -9.4536E-03  1.8996E+00
  5.1107E-01 -1.7993E-02  4.3301E-01  1.6771E-02  2.3914E+00 -9.4210E-03  1.9084E+00
  5.2110E-01 -1.8150E-02  4.3410E-01  1.6927E-02  2.4083E+00 -9.3856E-03  1.9169E+00
  5.3112E-01 -1.8303E-02  4.3517E-01  1.7080E-02  2.4252E+00 -9.3498E-03  1.9253E+00
  5.4114E-01 -1.8454E-02  4.3620E-01  1.7231E-02  2.4415E+00 -9.3113E-03  1.9335E+00
  5.5116E-01 -1.8602E-02  4.3720E-01  1.7379E-02  2.4575E+00 -9.2716E-03  1.9414E+00
  5.6118E-01 -1.8746E-02  4.3815E-01  1.7525E-02  2.4730E+00 -9.2292E-03  1.9493E+00
  5.7120E-01 -1.8887E-02  4.3908E-01  1.7667E-02  2.4883E+00 -9.1861E-03  1.9570E+00
  5.8122E-01 -1.9025E-02  4.3998E-01  1.7806E-02  2.5031E+00 -9.1413E-03  1.9644E+00
  5.9124E-01 -1.9161E-02  4.4085E-01  1.7944E-02  2.5176E+00 -9.0951E-03  1.9717E+00
  6.0126E-01 -1.9293E-02  4.4168E-01  1.8078E-02  2.5316E+00 -9.0474E-03  1.9789E+00
  6.1128E-01 -1.9423E-02  4.4250E-01  1.8211E-02  2.5455E+00 -8.9995E-03  1.9860E+00
  6.2131E-01 -1.9552E-02  4.4329E-01  1.8342E-02  2.5592E+00 -8.9510E-03  1.9930E+00
  6.3133E-01 -1.9679E-02  4.4405E-01  1.8472E-02  2.5724E+00 -8.9008E-03  1.9999E+00
  6.4135E-01 -1.9802E-02  4.4478E-01  1.8599E-02  2.5854E+00 -8.8503E-03  2.0066E+00
  6.5137E-01 -1.9924E-02  4.4550E-01  1.8724E-02  2.5981E+00 -8.7993E-03  2.0133E+00
  6.6139E-01 -2.0043E-02  4.4619E-01  1.8846E-02  2.6106E+00 -8.7478E-03  2.0198E+00
  6.7141E-01 -2.0160E-02  4.4687E-01  1.8967E-02  2.6228E+00 -8.6964E-03  2.0263E+00
  6.8142E-01 -2.0274E-02  4.4752E-01  1.9085E-02  2.6349E+00 -8.6448E-03  2.0327E+00
  6.9145E-01 -2.0386E-02  4.4815E-01  1.9200E-02  2.6467E+00 -8.5923E-03  2.0391E+00
  7.0147E-01 -2.0495E-02  4.4877E-01  1.9314E-02  2.6583E+00 -8.5405E-03  2.0454E+00
  7.1150E-01 -2.0603E-02  4.4937E-01  1.9426E-02  2.6697E+00 -8.4882E-03  2.0516E+00
  7.2152E-01 -2.0709E-02  4.4995E-01  1.9536E-02  2.6809E+00 -8.4356E-03  2.0578E+00
  7.3154E-01 -2.0813E-02  4.5052E-01  1.9645E-02  2.6920E+00 -8.3832E-03  2.0640E+00
  7.4156E-01 -2.0916E-02  4.5107E-01  1.9752E-02  2.7029E+00 -8.3301E-03  2.0701E+00
  7.5158E-01 -2.1017E-02  4.5160E-01  1.9858E-02  2.7135E+00 -8.2769E-03  2.0763E+00
  7.6160E-01 -2.1116E-02  4.5212E-01  1.9962E-02  2.7240E+00 -8.2238E-03  2.0824E+00
  7.7162E-01 -2.1214E-02  4.5262E-01  2.0064E-02  2.7343E+00 -8.1710E-03  2.0885E+00
  7.8164E-01 -2.1309E-02  4.5311E-01  2.0165E-02  2.7446E+00 -8.1185E-03  2.0946E+00
  7.9166E-01 -2.1404E-02  4.5359E-01  2.0264E-02  2.7547E+00 -8.0658E-03  2.1006E+00
  8.0169E-01 -2.1495E-02  4.5406E-01  2.0360E-02  2.7646E+00 -8.0135E-03  2.1067E+00
  8.1171E-01 -2.1586E-02  4.5451E-01  2.0456E-02  2.7744E+00 -7.9612E-03  2.1128E+00
  8.2173E-01 -2.1674E-02  4.5495E-01  2.0549E-02  2.7841E+00 -7.9091E-03  2.1188E+00
  8.3175E-01 -2.1762E-02  4.5538E-01  2.0642E-02  2.7935E+00 -7.8570E-03  2.1248E+00
  8.4177E-01 -2.1848E-02  4.5580E-01  2.0733E-02  2.8028E+00 -7.8051E-03  2.1307E+00
  8.5179E-01 -2.1932E-02  4.5620E-01  2.0823E-02  2.8120E+00 -7.7533E-03  2.1367E+00
  8.6181E-01 -2.2016E-02  4.5660E-01  2.0911E-02  2.8211E+00 -7.7020E-03  2.1426E+00
  8.7183E-01 -2.2098E-02  4.5699E-01  2.0999E-02  2.8301E+00 -7.6509E-03  2.1486E+00
  8.8185E-01 -2.2178E-02  4.5737E-01  2.1085E-02  2.8390E+00 -7.6004E-03  2.1546E+00
  8.9187E-01 -2.2258E-02  4.5774E-01  2.1170E-02  2.8477E+00 -7.5500E-03  2.1605E+00
  8.9405E-01 -2.2275E-02  4.5782E-01  2.1188E-02  2.8495E+00 -7.5389E-03  2.1617E+00
  9.0190E-01 -2.2336E-02  4.5810E-01  2.1253E-02  2.8562E+00 -7.4994E-03  2.1663E+00
  9.1192E-01 -2.2414E-02  4.5845E-01  2.1336E-02  2.8647E+00 -7.4495E-03  2.1722E+00
  9.2194E-01 -2.2490E-02  4.5879E-01  2.1418E-02  2.8730E+00 -7.3996E-03  2.1780E+00
  9.3196E-01 -2.2565E-02  4.5913E-01  2.1498E-02  2.8812E+00 -7.3501E-03  2.1839E+00
  9.4198E-01 -2.2639E-02  4.5945E-01  2.1578E-02  2.8893E+00 -7.3007E-03  2.1897E+00
  9.5200E-01 -2.2712E-02  4.5977E-01  2.1656E-02  2.8973E+00 -7.2514E-03  2.1955E+00
  9.6202E-01 -2.2784E-02  4.6008E-01  2.1734E-02  2.9050E+00 -7.2021E-03  2.2014E+00
  9.7204E-01 -2.2856E-02  4.6038E-01  2.1811E-02  2.9127E+00 -7.1529E-03  2.2072E+00
  9.8030E-01 -2.2914E-02  4.6063E-01  2.1873E-02  2.9189E+00 -7.1127E-03  2.2120E+00
  9.8206E-01 -2.2926E-02  4.6068E-01  2.1886E-02  2.9202E+00 -7.1040E-03  2.2130E+00
  9.9208E-01 -2.2995E-02  4.6097E-01  2.1961E-02  2.9277E+00 -7.0556E-03  2.2188E+00
  1.0021E+00 -2.3063E-02  4.6125E-01  2.2035E-02  2.9352E+00 -7.0078E-03  2.2248E+00
  1.0121E+00 -2.3130E-02  4.6153E-01  2.2107E-02  2.9427E+00 -6.9604E-03  2.2307E+00
  1.0221E+00 -2.3197E-02  4.6180E-01  2.2179E-02  2.9502E+00 -6.9135E-03  2.2367E+00
  1.0322E+00 -2.3262E-02  4.6207E-01  2.2250E-02  2.9574E+00 -6.8663E-03  2.2427E+00
  1.0422E+00 -2.3327E-02  4.6233E-01  2.2320E-02  2.9645E+00 -6.8195E-03  2.2487E+00
  1.0522E+00 -2.3391E-02  4.6258E-01  2.2389E-02  2.9717E+00 -6.7733E-03  2.2548E+00
  1.0622E+00 -2.3453E-02  4.6283E-01  2.2457E-02  2.9789E+00 -6.7275E-03  2.2609E+00
  1.0723E+00 -2.3515E-02  4.6307E-01  2.2525E-02  2.9860E+00 -6.6823E-03  2.2671E+00
  1.0823E+00 -2.3577E-02  4.6331E-01  2.2591E-02  2.9929E+00 -6.6367E-03  2.2732E+00
  1.0923E+00 -2.3637E-02  4.6354E-01  2.2657E-02  2.9998E+00 -6.5916E-03  2.2794E+00
  1.1023E+00 -2.3697E-02  4.6377E-01  2.2722E-02  3.0067E+00 -6.5471E-03  2.2856E+00
  1.1123E+00 -2.3755E-02  4.6400E-01  2.2786E-02  3.0136E+00 -6.5030E-03  2.2918E+00
  1.1224E+00 -2.3814E-02  4.6422E-01  2.2850E-02  3.0205E+00 -6.4593E-03  2.2981E+00
  1.1324E+00 -2.3871E-02  4.6443E-01  2.2912E-02  3.0271E+00 -6.4156E-03  2.3044E+00
  1.1424E+00 -2.3927E-02  4.6464E-01  2.2974E-02  3.0338E+00 -6.3724E-03  2.3107E+00
  1.1524E+00 -2.3983E-02  4.6485E-01  2.3035E-02  3.0405E+00 -6.3296E-03  2.3170E+00
  1.1624E+00 -2.4038E-02  4.6505E-01  2.3096E-02  3.0471E+00 -6.2873E-03  2.3234E+00
  1.1725E+00 -2.4093E-02  4.6525E-01  2.3155E-02  3.0537E+00 -6.2454E-03  2.3298E+00
  1.1825E+00 -2.4146E-02  4.6544E-01  2.3214E-02  3.0602E+00 -6.2033E-03  2.3362E+00
  1.1925E+00 -2.4199E-02  4.6563E-01  2.3272E-02  3.0666E+00 -6.1617E-03  2.3427E+00
  1.2025E+00 -2.4246E-02  4.6567E-01  2.3324E-02  3.0734E+00 -6.1210E-03  2.3495E+00
  1.2125E+00 -2.4263E-02  4.6516E-01  2.3346E-02  3.0816E+00 -6.0819E-03  2.3578E+00
  1.2226E+00 -2.4248E-02  4.6386E-01  2.3336E-02  3.0917E+00 -6.0441E-03  2.3685E+00
  1.2326E+00 -2.4288E-02  4.6657E-01  2.3381E-02  3.0943E+00 -6.0043E-03  2.3701E+00
  1.2426E+00 -2.4154E-02  4.7025E-01  2.3249E-02  3.1028E+00 -5.9841E-03  2.3745E+00
  1.2526E+00 -2.3917E-02  4.6516E-01  2.3014E-02  3.1053E+00 -5.9717E-03  2.3702E+00
  1.2597E+00 -2.3863E-02  4.5786E-01  2.2963E-02  3.1019E+00 -5.9477E-03  2.3655E+00
  1.2627E+00 -2.4039E-02  4.5720E-01  2.3132E-02  3.1158E+00 -5.9956E-03  2.3671E+00
  1.2727E+00 -2.3980E-02  4.5958E-01  2.3076E-02  3.1203E+00 -5.9756E-03  2.3692E+00
  1.2827E+00 -2.3720E-02  4.5766E-01  2.2820E-02  3.1224E+00 -5.9517E-03  2.3702E+00
  1.2927E+00 -2.3518E-02  4.4765E-01  2.2623E-02  3.1184E+00 -5.9320E-03  2.3629E+00
  1.2931E+00 -2.3522E-02  4.4739E-01  2.2626E-02  3.1184E+00 -5.9314E-03  2.3629E+00
  1.3027E+00 -2.3683E-02  4.4818E-01  2.2781E-02  3.1366E+00 -5.9791E-03  2.3655E+00
  1.3128E+00 -2.3453E-02  4.4935E-01  2.2553E-02  3.1424E+00 -5.9697E-03  2.3690E+00
  1.3228E+00 -2.3154E-02  4.4064E-01  2.2256E-02  3.1402E+00 -5.9623E-03  2.3618E+00
  1.3264E+00 -2.3163E-02  4.3722E-01  2.2266E-02  3.1400E+00 -5.9566E-03  2.3611E+00
  1.3328E+00 -2.3352E-02  4.3700E-01  2.2448E-02  3.1570E+00 -6.0106E-03  2.3635E+00
  1.3428E+00 -2.3088E-02  4.4002E-01  2.2180E-02  3.1749E+00 -6.0432E-03  2.3716E+00
  1.3528E+00 -2.2695E-02  4.3446E-01  2.1784E-02  3.1878E+00 -6.0798E-03  2.3720E+00
  1.3597E+00 -2.2617E-02  4.2726E-01  2.1707E-02  3.1878E+00 -6.0737E-03  2.3705E+00
  1.3629E+00 -2.2790E-02  4.2661E-01  2.1873E-02  3.2037E+00 -6.1279E-03  2.3732E+00
  1.3729E+00 -2.2678E-02  4.2937E-01  2.1761E-02  3.2120E+00 -6.1312E-03  2.3786E+00
  1.3829E+00 -2.2370E-02  4.2717E-01  2.1455E-02  3.2183E+00 -6.1339E-03  2.3816E+00
  1.3929E+00 -2.2144E-02  4.1697E-01  2.1231E-02  3.2192E+00 -6.1310E-03  2.3797E+00
  1.3931E+00 -2.2146E-02  4.1687E-01  2.1232E-02  3.2193E+00 -6.1310E-03  2.3797E+00
  1.4029E+00 -2.2280E-02  4.1801E-01  2.1358E-02  3.2421E+00 -6.1936E-03  2.3866E+00
  1.4130E+00 -2.2016E-02  4.1909E-01  2.1095E-02  3.2504E+00 -6.1968E-03  2.3930E+00
  1.4230E+00 -2.1693E-02  4.1005E-01  2.0773E-02  3.2515E+00 -6.1994E-03  2.3901E+00
  1.4264E+00 -2.1703E-02  4.0686E-01  2.0784E-02  3.2522E+00 -6.1976E-03  2.3906E+00
  1.4330E+00 -2.1886E-02  4.0687E-01  2.0959E-02  3.2718E+00 -6.2582E-03  2.3951E+00
  1.4430E+00 -2.1574E-02  4.0988E-01  2.0645E-02  3.2857E+00 -6.2850E-03  2.4020E+00
  1.4531E+00 -2.1140E-02  4.0391E-01  2.0208E-02  3.2943E+00 -6.3144E-03  2.4009E+00
  1.4597E+00 -2.1066E-02  3.9692E-01  2.0135E-02  3.2948E+00 -6.3125E-03  2.4003E+00
  1.4631E+00 -2.1244E-02  3.9631E-01  2.0305E-02  3.3115E+00 -6.3691E-03  2.4033E+00
  1.4731E+00 -2.1113E-02  3.9932E-01  2.0174E-02  3.3198E+00 -6.3775E-03  2.4091E+00
  1.4831E+00 -2.0792E-02  3.9687E-01  1.9854E-02  3.3253E+00 -6.3859E-03  2.4112E+00
  1.4931E+00 -2.0574E-02  3.8668E-01  1.9636E-02  3.3257E+00 -6.3867E-03  2.4091E+00
  1.5032E+00 -2.0701E-02  3.8811E-01  1.9755E-02  3.3484E+00 -6.4533E-03  2.4153E+00
  1.5132E+00 -2.0431E-02  3.8907E-01  1.9485E-02  3.3548E+00 -6.4589E-03  2.4199E+00
  1.5232E+00 -2.0109E-02  3.7981E-01  1.9163E-02  3.3551E+00 -6.4657E-03  2.4160E+00
  1.5264E+00 -2.0124E-02  3.7689E-01  1.9179E-02  3.3552E+00 -6.4645E-03  2.4159E+00
  1.5332E+00 -2.0306E-02  3.7709E-01  1.9353E-02  3.3745E+00 -6.5269E-03  2.4197E+00
  1.5432E+00 -1.9983E-02  3.8001E-01  1.9030E-02  3.3775E+00 -6.5331E-03  2.4196E+00
  1.5533E+00 -1.9539E-02  3.7367E-01  1.8585E-02  3.3757E+00 -6.5435E-03  2.4117E+00
  1.5597E+00 -1.9475E-02  3.6693E-01  1.8522E-02  3.3752E+00 -6.5423E-03  2.4103E+00
  1.5633E+00 -1.9657E-02  3.6637E-01  1.8696E-02  3.3921E+00 -6.6000E-03  2.4128E+00
  1.5733E+00 -1.9515E-02  3.6957E-01  1.8554E-02  3.3990E+00 -6.6102E-03  2.4172E+00
  1.5833E+00 -1.9188E-02  3.6689E-01  1.8226E-02  3.4033E+00 -6.6219E-03  2.4174E+00
  1.5931E+00 -1.8981E-02  3.5688E-01  1.8020E-02  3.4025E+00 -6.6241E-03  2.4141E+00
  1.5933E+00 -1.9109E-02  3.5739E-01  1.8140E-02  3.4180E+00 -6.6792E-03  2.4161E+00
  1.6034E+00 -1.9102E-02  3.5853E-01  1.8132E-02  3.4243E+00 -6.6912E-03  2.4192E+00
  1.6134E+00 -1.8832E-02  3.5937E-01  1.7863E-02  3.4284E+00 -6.6949E-03  2.4221E+00
  1.6234E+00 -1.8514E-02  3.4995E-01  1.7544E-02  3.4276E+00 -6.7011E-03  2.4175E+00
  1.6264E+00 -1.8533E-02  3.4728E-01  1.7563E-02  3.4274E+00 -6.7002E-03  2.4171E+00
  1.6334E+00 -1.8714E-02  3.4766E-01  1.7736E-02  3.4465E+00 -6.7632E-03  2.4203E+00
  1.6435E+00 -1.8399E-02  3.5046E-01  1.7425E-02  3.4425E+00 -6.7467E-03  2.4195E+00
  1.6535E+00 -1.7965E-02  3.4379E-01  1.6993E-02  3.4339E+00 -6.7325E-03  2.4113E+00
  1.6597E+00 -1.7911E-02  3.3732E-01  1.6940E-02  3.4326E+00 -6.7307E-03  2.4094E+00
  1.6635E+00 -1.8096E-02  3.3680E-01  1.7117E-02  3.4495E+00 -6.7887E-03  2.4116E+00
  1.6735E+00 -1.7946E-02  3.4013E-01  1.6966E-02  3.4551E+00 -6.7975E-03  2.4152E+00
  1.6835E+00 -1.7614E-02  3.3723E-01  1.6634E-02  3.4576E+00 -6.8065E-03  2.4145E+00
  1.6931E+00 -1.7418E-02  3.2743E-01  1.6439E-02  3.4558E+00 -6.8074E-03  2.4107E+00
  1.6936E+00 -1.7549E-02  3.2780E-01  1.6561E-02  3.4716E+00 -6.8625E-03  2.4126E+00
  1.7036E+00 -1.7533E-02  3.2928E-01  1.6545E-02  3.4767E+00 -6.8736E-03  2.4148E+00
  1.7136E+00 -1.7259E-02  3.2999E-01  1.6271E-02  3.4804E+00 -6.8806E-03  2.4165E+00
  1.7236E+00 -1.6947E-02  3.2043E-01  1.5959E-02  3.4786E+00 -6.8847E-03  2.4115E+00
  1.7264E+00 -1.6968E-02  3.1801E-01  1.5980E-02  3.4781E+00 -6.8838E-03  2.4109E+00
  1.7336E+00 -1.7147E-02  3.1857E-01  1.6150E-02  3.4971E+00 -6.9471E-03  2.4137E+00
  1.7437E+00 -1.6851E-02  3.2126E-01  1.5859E-02  3.4922E+00 -6.9199E-03  2.4161E+00
  1.7537E+00 -1.6438E-02  3.1430E-01  1.5450E-02  3.4829E+00 -6.8948E-03  2.4116E+00
  1.7597E+00 -1.6392E-02  3.0811E-01  1.5404E-02  3.4812E+00 -6.8927E-03  2.4094E+00
  1.7637E+00 -1.6581E-02  3.0765E-01  1.5585E-02  3.4982E+00 -6.9509E-03  2.4115E+00
  1.7737E+00 -1.6421E-02  3.1109E-01  1.5424E-02  3.5031E+00 -6.9605E-03  2.4143E+00
  1.7837E+00 -1.6084E-02  3.0797E-01  1.5087E-02  3.5051E+00 -6.9706E-03  2.4126E+00
  1.7931E+00 -1.5900E-02  2.9838E-01  1.4903E-02  3.5027E+00 -6.9703E-03  2.4085E+00
  1.7938E+00 -1.6033E-02  2.9865E-01  1.5028E-02  3.5187E+00 -7.0254E-03  2.4105E+00
  1.8038E+00 -1.6008E-02  3.0041E-01  1.5002E-02  3.5228E+00 -7.0353E-03  2.4121E+00
  1.8138E+00 -1.5714E-02  3.0100E-01  1.4705E-02  3.5305E+00 -7.0594E-03  2.4133E+00
  1.8238E+00 -1.5408E-02  2.9133E-01  1.4399E-02  3.5284E+00 -7.0635E-03  2.4081E+00
  1.8264E+00 -1.5430E-02  2.8916E-01  1.4421E-02  3.5278E+00 -7.0626E-03  2.4074E+00
  1.8339E+00 -1.5606E-02  2.8989E-01  1.4589E-02  3.5467E+00 -7.1257E-03  2.4100E+00
  1.8439E+00 -1.5331E-02  2.9249E-01  1.4319E-02  3.5439E+00 -7.1018E-03  2.4147E+00
  1.8539E+00 -1.4944E-02  2.8530E-01  1.3935E-02  3.5369E+00 -7.0786E-03  2.4131E+00
  1.8597E+00 -1.4906E-02  2.7939E-01  1.3897E-02  3.5349E+00 -7.0758E-03  2.4109E+00
  1.8639E+00 -1.5097E-02  2.7898E-01  1.4080E-02  3.5521E+00 -7.1342E-03  2.4130E+00
  1.8739E+00 -1.4928E-02  2.8250E-01  1.3910E-02  3.5563E+00 -7.1429E-03  2.4153E+00
  1.8840E+00 -1.4588E-02  2.7917E-01  1.3570E-02  3.5573E+00 -7.1502E-03  2.4133E+00
  1.8931E+00 -1.4414E-02  2.6980E-01  1.3397E-02  3.5542E+00 -7.1477E-03  2.4094E+00
  1.8940E+00 -1.4550E-02  2.6996E-01  1.3525E-02  3.5704E+00 -7.2026E-03  2.4114E+00
  1.9040E+00 -1.4516E-02  2.7198E-01  1.3490E-02  3.5738E+00 -7.2111E-03  2.4127E+00
  1.9140E+00 -1.4184E-02  2.7243E-01  1.3152E-02  3.5879E+00 -7.2542E-03  2.4159E+00
  1.9240E+00 -1.3886E-02  2.6268E-01  1.2854E-02  3.5851E+00 -7.2552E-03  2.4110E+00
  1.9264E+00 -1.3908E-02  2.6073E-01  1.2877E-02  3.5845E+00 -7.2542E-03  2.4103E+00
  1.9341E+00 -1.4080E-02  2.6162E-01  1.3041E-02  3.6034E+00 -7.3168E-03  2.4129E+00
  1.9441E+00 -1.3824E-02  2.6416E-01  1.2786E-02  3.6033E+00 -7.3053E-03  2.4171E+00
  1.9541E+00 -1.3459E-02  2.5679E-01  1.2424E-02  3.5994E+00 -7.2940E-03  2.4155E+00
  1.9597E+00 -1.3428E-02  2.5115E-01  1.2393E-02  3.5972E+00 -7.2906E-03  2.4134E+00
  1.9641E+00 -1.3620E-02  2.5081E-01  1.2577E-02  3.6146E+00 -7.3491E-03  2.4155E+00
  1.9741E+00 -1.3442E-02  2.5438E-01  1.2398E-02  3.6183E+00 -7.3576E-03  2.4171E+00
  1.9842E+00 -1.3100E-02  2.5084E-01  1.2055E-02  3.6191E+00 -7.3656E-03  2.4148E+00
  1.9931E+00 -1.2936E-02  2.4170E-01  1.1892E-02  3.6160E+00 -7.3628E-03  2.4110E+00
  1.9942E+00 -1.3076E-02  2.4177E-01  1.2024E-02  3.6323E+00 -7.4173E-03  2.4131E+00
  2.0042E+00 -1.3033E-02  2.4404E-01  1.1980E-02  3.6354E+00 -7.4255E-03  2.4141E+00
  2.0142E+00 -1.2633E-02  2.4432E-01  1.1570E-02  3.6581E+00 -7.4986E-03  2.4178E+00
  2.0243E+00 -1.2343E-02  2.3450E-01  1.1280E-02  3.6556E+00 -7.5007E-03  2.4128E+00
  2.0264E+00 -1.2365E-02  2.3278E-01  1.1303E-02  3.6550E+00 -7.4999E-03  2.4122E+00
  2.0343E+00 -1.2534E-02  2.3382E-01  1.1462E-02  3.6740E+00 -7.5625E-03  2.4146E+00
  2.0443E+00 -1.2286E-02  2.3629E-01  1.1215E-02  3.6759E+00 -7.5658E-03  2.4159E+00
  2.0543E+00 -1.1935E-02  2.2877E-01  1.0863E-02  3.6747E+00 -7.5697E-03  2.4121E+00
  2.0597E+00 -1.1910E-02  2.2340E-01  1.0839E-02  3.6725E+00 -7.5661E-03  2.4101E+00
  2.0643E+00 -1.2104E-02  2.2314E-01  1.1025E-02  3.6901E+00 -7.6248E-03  2.4122E+00
  2.0744E+00 -1.1917E-02  2.2675E-01  1.0837E-02  3.6932E+00 -7.6328E-03  2.4132E+00
  2.0844E+00 -1.1572E-02  2.2299E-01  1.0491E-02  3.6937E+00 -7.6406E-03  2.4105E+00
  2.0931E+00 -1.1418E-02  2.1409E-01  1.0338E-02  3.6907E+00 -7.6376E-03  2.4069E+00
  2.0944E+00 -1.1562E-02  2.1408E-01  1.0474E-02  3.7071E+00 -7.6917E-03  2.4089E+00
  2.1044E+00 -1.1510E-02  2.1657E-01  1.0421E-02  3.7099E+00 -7.6996E-03  2.4097E+00
  2.1144E+00 -1.1028E-02  2.1660E-01  9.9274E-03  3.7356E+00 -7.7872E-03  2.4114E+00
  2.1245E+00 -1.0747E-02  2.0671E-01  9.6462E-03  3.7327E+00 -7.7869E-03  2.4069E+00
  2.1264E+00 -1.0768E-02  2.0520E-01  9.6675E-03  3.7324E+00 -7.7865E-03  2.4065E+00
  2.1345E+00 -1.0932E-02  2.0640E-01  9.8232E-03  3.7514E+00 -7.8487E-03  2.4088E+00
  2.1445E+00 -1.0684E-02  2.0879E-01  9.5739E-03  3.7531E+00 -7.8541E-03  2.4089E+00
  2.1545E+00 -1.0335E-02  2.0109E-01  9.2245E-03  3.7523E+00 -7.8602E-03  2.4048E+00
  2.1597E+00 -1.0317E-02  1.9600E-01  9.2069E-03  3.7501E+00 -7.8563E-03  2.4031E+00
  2.1645E+00 -1.0511E-02  1.9581E-01  9.3928E-03  3.7681E+00 -7.9149E-03  2.4052E+00
  2.1746E+00 -1.0316E-02  1.9944E-01  9.1975E-03  3.7705E+00 -7.9212E-03  2.4060E+00
  2.1846E+00 -9.9673E-03  1.9546E-01  8.8480E-03  3.7710E+00 -7.9277E-03  2.4037E+00
  2.1931E+00 -9.8235E-03  1.8680E-01  8.7048E-03  3.7682E+00 -7.9245E-03  2.4006E+00
  2.1946E+00 -9.9714E-03  1.8672E-01  8.8451E-03  3.7848E+00 -7.9784E-03  2.4028E+00
  2.2046E+00 -9.9085E-03  1.8942E-01  8.7812E-03  3.7876E+00 -7.9868E-03  2.4034E+00
  2.2147E+00 -9.3571E-03  1.8909E-01  8.2195E-03  3.8077E+00 -8.0612E-03  2.4016E+00
  2.2247E+00 -9.0844E-03  1.7917E-01  7.9469E-03  3.8053E+00 -8.0613E-03  2.3976E+00
  2.2264E+00 -9.1042E-03  1.7786E-01  7.9668E-03  3.8051E+00 -8.0611E-03  2.3973E+00
  2.2347E+00 -9.2639E-03  1.7921E-01  8.1178E-03  3.8243E+00 -8.1235E-03  2.3995E+00
  2.2447E+00 -9.0105E-03  1.8150E-01  7.8639E-03  3.8257E+00 -8.1283E-03  2.3994E+00
  2.2547E+00 -8.6602E-03  1.7364E-01  7.5128E-03  3.8255E+00 -8.1356E-03  2.3956E+00
  2.2597E+00 -8.6475E-03  1.6882E-01  7.5007E-03  3.8235E+00 -8.1319E-03  2.3941E+00
  2.2648E+00 -8.8418E-03  1.6871E-01  7.6868E-03  3.8417E+00 -8.1904E-03  2.3963E+00
  2.2748E+00 -8.6392E-03  1.7234E-01  7.4834E-03  3.8439E+00 -8.1971E-03  2.3968E+00
  2.2848E+00 -8.2868E-03  1.6816E-01  7.1300E-03  3.8450E+00 -8.2058E-03  2.3943E+00
  2.2931E+00 -8.1521E-03  1.5974E-01  6.9959E-03  3.8425E+00 -8.2026E-03  2.3916E+00
  2.2948E+00 -8.3040E-03  1.5960E-01  7.1402E-03  3.8593E+00 -8.2563E-03  2.3939E+00
  2.3048E+00 -8.2307E-03  1.6248E-01  7.0658E-03  3.8621E+00 -8.2650E-03  2.3943E+00
  2.3149E+00 -7.6440E-03  1.6172E-01  6.4748E-03  3.8674E+00 -8.2965E-03  2.3881E+00
  2.3249E+00 -7.3800E-03  1.5176E-01  6.2111E-03  3.8652E+00 -8.2962E-03  2.3845E+00
  2.3264E+00 -7.3981E-03  1.5065E-01  6.2292E-03  3.8650E+00 -8.2962E-03  2.3843E+00
  2.3349E+00 -7.5525E-03  1.5215E-01  6.3750E-03  3.8844E+00 -8.3583E-03  2.3866E+00
  2.3449E+00 -7.2962E-03  1.5433E-01  6.1184E-03  3.8853E+00 -8.3613E-03  2.3866E+00
  2.3550E+00 -6.9462E-03  1.4629E-01  5.7679E-03  3.8849E+00 -8.3663E-03  2.3834E+00
  2.3597E+00 -6.9385E-03  1.4174E-01  5.7608E-03  3.8831E+00 -8.3626E-03  2.3821E+00
  2.3650E+00 -7.1327E-03  1.4172E-01  5.9467E-03  3.9016E+00 -8.4215E-03  2.3845E+00
  2.3750E+00 -6.9231E-03  1.4535E-01  5.7367E-03  3.9033E+00 -8.4262E-03  2.3850E+00
  2.3850E+00 -6.5679E-03  1.4095E-01  5.3807E-03  3.9037E+00 -8.4320E-03  2.3828E+00
  2.3931E+00 -6.4421E-03  1.3277E-01  5.2556E-03  3.9013E+00 -8.4280E-03  2.3807E+00
  2.3950E+00 -6.5980E-03  1.3258E-01  5.4040E-03  3.9183E+00 -8.4816E-03  2.3830E+00
  2.4051E+00 -6.5141E-03  1.3563E-01  5.3191E-03  3.9209E+00 -8.4896E-03  2.3834E+00
  2.4151E+00 -5.9345E-03  1.3439E-01  4.7431E-03  3.9073E+00 -8.4651E-03  2.3726E+00
  2.4251E+00 -5.6798E-03  1.2441E-01  4.4888E-03  3.9051E+00 -8.4637E-03  2.3696E+00
  2.4264E+00 -5.6960E-03  1.2349E-01  4.5050E-03  3.9050E+00 -8.4637E-03  2.3695E+00
  2.4351E+00 -5.8451E-03  1.2513E-01  4.6454E-03  3.9246E+00 -8.5258E-03  2.3720E+00
  2.4451E+00 -5.5859E-03  1.2720E-01  4.3860E-03  3.9255E+00 -8.5286E-03  2.3719E+00
  2.4552E+00 -5.2368E-03  1.1901E-01  4.0363E-03  3.9251E+00 -8.5338E-03  2.3688E+00
  2.4597E+00 -5.2337E-03  1.1472E-01  4.0337E-03  3.9235E+00 -8.5303E-03  2.3678E+00
  2.4652E+00 -5.4273E-03  1.1479E-01  4.2191E-03  3.9423E+00 -8.5896E-03  2.3701E+00
  2.4752E+00 -5.2116E-03  1.1840E-01  4.0028E-03  3.9439E+00 -8.5946E-03  2.3704E+00
  2.4852E+00 -4.8543E-03  1.1380E-01  3.6447E-03  3.9445E+00 -8.6015E-03  2.3679E+00
  2.4931E+00 -4.7376E-03  1.0586E-01  3.5286E-03  3.9422E+00 -8.5978E-03  2.3658E+00
  2.4952E+00 -4.8976E-03  1.0564E-01  3.6811E-03  3.9594E+00 -8.6512E-03  2.3683E+00
  2.5053E+00 -4.8029E-03  1.0884E-01  3.5853E-03  3.9619E+00 -8.6594E-03  2.3685E+00
  2.5153E+00 -4.2691E-03  1.0717E-01  3.0608E-03  3.9367E+00 -8.5946E-03  2.3582E+00
  2.5253E+00 -4.0239E-03  9.7187E-02  2.8157E-03  3.9348E+00 -8.5943E-03  2.3551E+00
  2.5264E+00 -4.0379E-03  9.6438E-02  2.8297E-03  3.9347E+00 -8.5943E-03  2.3550E+00
  2.5353E+00 -4.1815E-03  9.8233E-02  2.9646E-03  3.9546E+00 -8.6567E-03  2.3574E+00
  2.5454E+00 -3.9200E-03  1.0018E-01  2.7028E-03  3.9554E+00 -8.6604E-03  2.3570E+00
  2.5554E+00 -3.5729E-03  9.1842E-02  2.3551E-03  3.9549E+00 -8.6649E-03  2.3539E+00
  2.5597E+00 -3.5740E-03  8.7809E-02  2.3568E-03  3.9533E+00 -8.6614E-03  2.3530E+00
  2.5654E+00 -3.7667E-03  8.7977E-02  2.5412E-03  3.9723E+00 -8.7209E-03  2.3553E+00
  2.5754E+00 -3.5459E-03  9.1557E-02  2.3200E-03  3.9733E+00 -8.7243E-03  2.3554E+00
  2.5854E+00 -3.1883E-03  8.6737E-02  1.9620E-03  3.9730E+00 -8.7281E-03  2.3530E+00
  2.5931E+00 -3.0806E-03  7.9047E-02  1.8549E-03  3.9707E+00 -8.7240E-03  2.3510E+00
  2.5955E+00 -3.2447E-03  7.8799E-02  2.0115E-03  3.9881E+00 -8.7775E-03  2.3537E+00
  2.6055E+00 -3.1396E-03  8.2140E-02  1.9055E-03  3.9903E+00 -8.7846E-03  2.3538E+00
  2.6155E+00 -2.6725E-03  8.0118E-02  1.4500E-03  3.9648E+00 -8.7033E-03  2.3515E+00
  2.6255E+00 -2.4371E-03  7.0141E-02  1.2150E-03  3.9627E+00 -8.7012E-03  2.3489E+00
  2.6264E+00 -2.4487E-03  6.9557E-02  1.2265E-03  3.9626E+00 -8.7013E-03  2.3487E+00
  2.6355E+00 -2.5865E-03  7.1498E-02  1.3556E-03  3.9825E+00 -8.7636E-03  2.3512E+00
  2.6456E+00 -2.3225E-03  7.3322E-02  1.0915E-03  3.9831E+00 -8.7657E-03  2.3510E+00
  2.6556E+00 -1.9783E-03  6.4830E-02  7.4708E-04  3.9821E+00 -8.7677E-03  2.3484E+00
  2.6597E+00 -1.9834E-03  6.1052E-02  7.5264E-04  3.9805E+00 -8.7641E-03  2.3475E+00
  2.6656E+00 -2.1748E-03  6.1322E-02  9.3577E-04  3.9996E+00 -8.8235E-03  2.3500E+00
  2.6756E+00 -1.9459E-03  6.4866E-02  7.0622E-04  4.0012E+00 -8.8290E-03  2.3501E+00
  2.6856E+00 -1.5852E-03  5.9843E-02  3.4472E-04  4.0018E+00 -8.8349E-03  2.3479E+00
  2.6931E+00 -1.4863E-03  5.2400E-02  2.4656E-04  3.9994E+00 -8.8306E-03  2.3462E+00
  2.6957E+00 -1.6543E-03  5.2137E-02  4.0699E-04  4.0171E+00 -8.8846E-03  2.3490E+00
  2.7057E+00 -1.5388E-03  5.5604E-02  2.9045E-04  4.0194E+00 -8.8922E-03  2.3490E+00
  2.7157E+00 -1.1388E-03  5.3337E-02 -1.0020E-04  4.0020E+00 -8.8262E-03  2.3528E+00
  2.7257E+00 -9.1355E-04  4.3381E-02 -3.2517E-04  4.0000E+00 -8.8248E-03  2.3501E+00
  2.7264E+00 -9.2251E-04  4.2952E-02 -3.1621E-04  3.9999E+00 -8.8249E-03  2.3499E+00
  2.7358E+00 -1.0541E-03  4.5038E-02 -1.9336E-04  4.0200E+00 -8.8876E-03  2.3524E+00
  2.7458E+00 -7.8747E-04  4.6738E-02 -4.6046E-04  4.0208E+00 -8.8915E-03  2.3517E+00
  2.7558E+00 -4.4647E-04  3.8111E-02 -8.0186E-04  4.0201E+00 -8.8949E-03  2.3488E+00
  2.7597E+00 -4.5503E-04  3.4584E-02 -7.9279E-04  4.0186E+00 -8.8914E-03  2.3480E+00
  2.7658E+00 -6.4486E-04  3.4960E-02 -6.1128E-04  4.0378E+00 -8.9509E-03  2.3506E+00
  2.7758E+00 -4.0288E-04  3.8462E-02 -8.5482E-04  4.0413E+00 -8.9626E-03  2.3507E+00
  2.7859E+00 -3.4152E-05  3.3242E-02 -1.2252E-03  4.0440E+00 -8.9749E-03  2.3489E+00
  2.7931E+00  5.6114E-05  2.6045E-02 -1.3148E-03  4.0416E+00 -8.9701E-03  2.3473E+00
  2.7959E+00 -1.1557E-04  2.5779E-02 -1.1507E-03  4.0596E+00 -9.0248E-03  2.3502E+00
  2.8059E+00  1.0346E-05  2.9355E-02 -1.2776E-03  4.0618E+00 -9.0320E-03  2.3502E+00
  2.8159E+00  3.5924E-04  2.6903E-02 -1.6209E-03  4.0528E+00 -8.9926E-03  2.3550E+00
  2.8259E+00  5.7391E-04  1.6978E-02 -1.8351E-03  4.0505E+00 -8.9897E-03  2.3525E+00
  2.8264E+00  5.6762E-04  1.6694E-02 -1.8288E-03  4.0504E+00 -8.9897E-03  2.3524E+00
  2.8360E+00  4.4253E-04  1.8924E-02 -1.7124E-03  4.0705E+00 -9.0521E-03  2.3550E+00
  2.8460E+00  7.1158E-04  2.0488E-02 -1.9817E-03  4.0708E+00 -9.0542E-03  2.3544E+00
  2.8560E+00  1.0487E-03  1.1725E-02 -2.3189E-03  4.0698E+00 -9.0551E-03  2.3522E+00
  2.8597E+00  1.0372E-03  8.4449E-03 -2.3068E-03  4.0684E+00 -9.0517E-03  2.3515E+00
  2.8660E+00  8.4914E-04  8.9320E-03 -2.1272E-03  4.0878E+00 -9.1115E-03  2.3541E+00
  2.8760E+00  1.1072E-03  1.2372E-02 -2.3873E-03  4.0929E+00 -9.1262E-03  2.3554E+00
  2.8861E+00  1.4875E-03  6.9431E-03 -2.7697E-03  4.0974E+00 -9.1419E-03  2.3550E+00
  2.8931E+00  1.5693E-03 -5.0095E-06 -2.8507E-03  4.0950E+00 -9.1367E-03  2.3536E+00
  2.8961E+00  1.3942E-03 -2.6602E-04 -2.6834E-03  4.1133E+00 -9.1920E-03  2.3566E+00
  2.9061E+00  1.5302E-03  3.4043E-03 -2.8202E-03  4.1153E+00 -9.1986E-03  2.3565E+00
  2.9161E+00  1.8492E-03  7.9836E-04 -3.1376E-03  4.1132E+00 -9.1871E-03  2.3589E+00
  2.9262E+00  2.0527E-03 -9.0811E-03 -3.3404E-03  4.1107E+00 -9.1833E-03  2.3566E+00
  2.9264E+00  2.0492E-03 -9.2304E-03 -3.3369E-03  4.1106E+00 -9.1832E-03  2.3565E+00
  2.9362E+00  1.9308E-03 -6.8577E-03 -3.2272E-03  4.1309E+00 -9.2457E-03  2.3591E+00
  2.9462E+00  2.2024E-03 -5.4280E-03 -3.4993E-03  4.1314E+00 -9.2489E-03  2.3584E+00
  2.9562E+00  2.5358E-03 -1.4311E-02 -3.8330E-03  4.1309E+00 -9.2518E-03  2.3560E+00
  2.9597E+00  2.5216E-03 -1.7349E-02 -3.8184E-03  4.1296E+00 -9.2488E-03  2.3554E+00
  2.9662E+00  2.3359E-03 -1.6747E-02 -3.6410E-03  4.1493E+00 -9.3089E-03  2.3581E+00
  2.9763E+00  2.6101E-03 -1.3388E-02 -3.9176E-03  4.1547E+00 -9.3257E-03  2.3587E+00
  2.9863E+00  3.0029E-03 -1.9030E-02 -4.3130E-03  4.1600E+00 -9.3450E-03  2.3578E+00
  2.9931E+00  3.0763E-03 -2.5727E-02 -4.3857E-03  4.1577E+00 -9.3401E-03  2.3564E+00
  2.9963E+00  2.8982E-03 -2.5974E-02 -4.2154E-03  4.1762E+00 -9.3959E-03  2.3594E+00
  3.0063E+00  3.0437E-03 -2.2221E-02 -4.3618E-03  4.1780E+00 -9.4024E-03  2.3591E+00
  3.0163E+00  3.3534E-03 -2.4985E-02 -4.6724E-03  4.1793E+00 -9.4092E-03  2.3577E+00
  3.0264E+00  3.5449E-03 -3.4804E-02 -4.8632E-03  4.1767E+00 -9.4050E-03  2.3554E+00
  3.0364E+00  3.5564E-03 -3.2999E-02 -4.8758E-03  4.1787E+00 -9.4125E-03  2.3549E+00
  3.0464E+00  3.8302E-03 -3.1711E-02 -5.1498E-03  4.1789E+00 -9.4149E-03  2.3540E+00
  3.0564E+00  4.1592E-03 -4.0712E-02 -5.4790E-03  4.1781E+00 -9.4166E-03  2.3517E+00
  3.0597E+00  4.1429E-03 -4.3513E-02 -5.4624E-03  4.1770E+00 -9.4138E-03  2.3512E+00
  3.0664E+00  3.9597E-03 -4.2794E-02 -5.2876E-03  4.1967E+00 -9.4740E-03  2.3540E+00
  3.0765E+00  4.2459E-03 -3.9545E-02 -5.5752E-03  4.1993E+00 -9.4844E-03  2.3529E+00
  3.0865E+00  4.6473E-03 -4.5422E-02 -5.9783E-03  4.2018E+00 -9.4970E-03  2.3505E+00
  3.0931E+00  4.7127E-03 -5.1869E-02 -6.0430E-03  4.1995E+00 -9.4918E-03  2.3492E+00
  3.0965E+00  4.5320E-03 -5.2091E-02 -5.8702E-03  4.2182E+00 -9.5481E-03  2.3522E+00
  3.1065E+00  4.6862E-03 -4.8272E-02 -6.0249E-03  4.2195E+00 -9.5528E-03  2.3519E+00
  3.1166E+00  4.9994E-03 -5.1226E-02 -6.3390E-03  4.2206E+00 -9.5592E-03  2.3504E+00
  3.1264E+00  5.1808E-03 -6.0869E-02 -6.5197E-03  4.2178E+00 -9.5538E-03  2.3484E+00
  3.1266E+00  5.0544E-03 -6.0273E-02 -6.4009E-03  4.2362E+00 -9.6086E-03  2.3515E+00
  3.1366E+00  5.0760E-03 -5.8228E-02 -6.4234E-03  4.2380E+00 -9.6154E-03  2.3510E+00
  3.1466E+00  5.3490E-03 -5.7089E-02 -6.6962E-03  4.2373E+00 -9.6147E-03  2.3502E+00
  3.1566E+00  5.6733E-03 -6.6198E-02 -7.0206E-03  4.2364E+00 -9.6157E-03  2.3481E+00
  3.1597E+00  5.6554E-03 -6.8767E-02 -7.0024E-03  4.2354E+00 -9.6131E-03  2.3477E+00
  3.1667E+00  5.4751E-03 -6.7927E-02 -6.8306E-03  4.2553E+00 -9.6733E-03  2.3505E+00
  3.1767E+00  5.7676E-03 -6.4800E-02 -7.1234E-03  4.2547E+00 -9.6766E-03  2.3476E+00
  3.1867E+00  6.1724E-03 -7.0912E-02 -7.5292E-03  4.2543E+00 -9.6833E-03  2.3432E+00
  3.1931E+00  6.2302E-03 -7.7107E-02 -7.5862E-03  4.2521E+00 -9.6781E-03  2.3421E+00
  3.1967E+00  6.0474E-03 -7.7297E-02 -7.4114E-03  4.2711E+00 -9.7349E-03  2.3450E+00
  3.2067E+00  6.2099E-03 -7.3419E-02 -7.5746E-03  4.2724E+00 -9.7400E-03  2.3445E+00
  3.2168E+00  6.5281E-03 -7.6563E-02 -7.8937E-03  4.2735E+00 -9.7470E-03  2.3427E+00
  3.2264E+00  6.7000E-03 -8.5998E-02 -8.0649E-03  4.2708E+00 -9.7419E-03  2.3408E+00
  3.2268E+00  6.5704E-03 -8.5507E-02 -7.9429E-03  4.2893E+00 -9.7966E-03  2.3439E+00
  3.2368E+00  6.6017E-03 -8.3234E-02 -7.9751E-03  4.2910E+00 -9.8028E-03  2.3435E+00
  3.2468E+00  6.8616E-03 -8.1976E-02 -8.2342E-03  4.2886E+00 -9.7977E-03  2.3420E+00
  3.2568E+00  7.1401E-03 -9.0221E-02 -8.5126E-03  4.2872E+00 -9.7973E-03  2.3398E+00
  3.2669E+00  7.0186E-03 -9.6980E-02 -8.3908E-03  4.2859E+00 -9.7948E-03  2.3388E+00
  3.2769E+00  7.0005E-03 -9.7264E-02 -8.3731E-03  4.2867E+00 -9.7979E-03  2.3385E+00
  3.2969E+00  7.0064E-03 -9.6864E-02 -8.3797E-03  4.2878E+00 -9.8029E-03  2.3379E+00
