  0.0000E+00  0.0000E+00  0.0000E+00  1.2500E-01 -8.3852E-17 -2.3092E-25  1.1813E-01
  1.5981E-02 -2.8928E-09  5.1593E-10  2.4398E-01  2.0566E-15  1.2985E-22  2.4397E-01
  2.0054E-02 -7.2859E-08  9.4053E-07  1.6344E+00 -5.0479E-10  4.3443E-12  1.6366E+00
  2.9997E-02 -2.4687E-08  1.6010E-06  2.8496E+00 -1.4225E-11  7.8392E-16  2.8484E+00
  4.0084E-02  1.7528E-07  1.5441E-06  3.0771E+00 -1.8866E-11  7.0280E-15  3.0761E+00
  5.0106E-02  2.4613E-07  1.4892E-06  2.9951E+00 -1.7637E-11  1.3215E-14  2.9943E+00
  6.0128E-02  3.0097E-07  1.4530E-06  2.8792E+00 -2.0410E-11  2.1717E-14  2.8784E+00
  7.0140E-02  3.7925E-07  1.4355E-06  2.7817E+00 -2.6079E-11  3.4466E-14  2.7807E+00
  8.0168E-02  4.4208E-07  1.4219E-06  2.6902E+00 -3.5592E-11  5.2864E-14  2.6889E+00
  9.0189E-02  5.6874E-07  1.4083E-06  2.5934E+00 -4.5212E-11  7.5005E-14  2.5919E+00
  1.0021E-01  7.2094E-07  1.3995E-06  2.4973E+00 -5.3200E-11  9.9639E-14  2.4956E+00
  1.1023E-01  8.7394E-07  1.3857E-06  2.4013E+00 -5.8880E-11  1.2776E-13  2.3996E+00
  1.2025E-01  1.0243E-06  1.3737E-06  2.3137E+00 -6.1646E-11  1.5650E-13  2.3122E+00
  1.3027E-01  1.1660E-06  1.3635E-06  2.2373E+00 -6.1434E-11  1.8271E-13  2.2360E+00
  1.4022E-01  1.2910E-06  1.3516E-06  2.1690E+00 -5.8421E-11  2.0462E-13  2.1680E+00
  1.5032E-01  1.3961E-06  1.3396E-06  2.1136E+00 -5.3299E-11  2.2087E-13  2.1128E+00
  1.6034E-01  1.4769E-06  1.3261E-06  2.0682E+00 -4.6716E-11  2.3115E-13  2.0677E+00
  1.7036E-01  1.5336E-06  1.3155E-06  2.0421E+00 -4.0176E-11  2.3455E-13  2.0418E+00
  1.8038E-01  1.5708E-06  1.3049E-06  2.0265E+00 -3.3922E-11  2.3264E-13  2.0263E+00
  1.9040E-01  1.5931E-06  1.2927E-06  2.0164E+00 -2.8020E-11  2.2693E-13  2.0164E+00
  2.0042E-01  1.6044E-06  1.2811E-06  2.0162E+00 -2.2913E-11  2.1849E-13  2.0162E+00
  2.1044E-01  1.6092E-06  1.2693E-06  2.0232E+00 -1.8370E-11  2.0906E-13  2.0234E+00
  2.2046E-01  1.6098E-06  1.2579E-06  2.0382E+00 -1.4436E-11  1.9902E-13  2.0384E+00
  2.3048E-01  1.6074E-06  1.2467E-06  2.0583E+00 -1.1052E-11  1.8832E-13  2.0585E+00
  2.4051E-01  1.6038E-06  1.2352E-06  2.0829E+00 -8.0980E-12  1.7796E-13  2.0831E+00
  2.5053E-01  1.5990E-06  1.2230E-06  2.1098E+00 -5.5119E-12  1.6754E-13  2.1100E+00
  2.6055E-01  1.5936E-06  1.2106E-06  2.1402E+00 -3.2522E-12  1.5735E-13  2.1404E+00
  2.7057E-01  1.5877E-06  1.1986E-06  2.1737E+00 -1.3207E-12  1.4749E-13  2.1739E+00
  2.8059E-01  1.5819E-06  1.1862E-06  2.2103E+00  4.0496E-13  1.3814E-13  2.2105E+00
  2.9061E-01  1.5757E-06  1.1739E-06  2.2490E+00  1.8479E-12  1.2916E-13  2.2492E+00
  3.0063E-01  1.5695E-06  1.1619E-06  2.2896E+00  3.0917E-12  1.2064E-13  2.2897E+00
  3.1065E-01  1.5635E-06  1.1499E-06  2.3315E+00  4.1673E-12  1.1260E-13  2.3316E+00
  3.2067E-01  1.5574E-06  1.1380E-06  2.3745E+00  5.0661E-12  1.0502E-13  2.3746E+00
  3.3070E-01  1.5516E-06  1.1266E-06  2.4185E+00  5.8334E-12  9.7942E-14  2.4185E+00
  3.4072E-01  1.5459E-06  1.1153E-06  2.4625E+00  6.4842E-12  9.1299E-14  2.4625E+00
  3.5074E-01  1.5404E-06  1.1038E-06  2.5062E+00  7.0252E-12  8.5035E-14  2.5063E+00
  3.6076E-01  1.5351E-06  1.0927E-06  2.5496E+00  7.4616E-12  7.9172E-14  2.5497E+00
  3.7078E-01  1.5300E-06  1.0816E-06  2.5932E+00  7.8255E-12  7.3712E-14  2.5932E+00
  3.8080E-01  1.5251E-06  1.0707E-06  2.6363E+00  8.1276E-12  6.8595E-14  2.6362E+00
  3.9082E-01  1.5203E-06  1.0601E-06  2.6786E+00  8.3673E-12  6.3826E-14  2.6785E+00
  4.0084E-01  1.5158E-06  1.0495E-06  2.7203E+00  8.5577E-12  5.9388E-14  2.7203E+00
  4.1086E-01  1.5115E-06  1.0390E-06  2.7615E+00  8.7077E-12  5.5243E-14  2.7614E+00
  4.2088E-01  1.5074E-06  1.0286E-06  2.8016E+00  8.8011E-12  5.1381E-14  2.8015E+00
  4.3091E-01  1.5033E-06  1.0184E-06  2.8410E+00  8.8679E-12  4.7801E-14  2.8409E+00
  4.4093E-01  1.4995E-06  1.0084E-06  2.8796E+00  8.8916E-12  4.4485E-14  2.8795E+00
  4.5095E-01  1.4960E-06  9.9884E-07  2.9161E+00  8.8921E-12  4.1443E-14  2.9159E+00
  4.6097E-01  1.4921E-06  9.9196E-07  2.9473E+00  8.8456E-12  3.8562E-14  2.9471E+00
  4.7099E-01  1.4887E-06  9.8223E-07  2.9837E+00  8.8017E-12  3.5932E-14  2.9835E+00
  4.8099E-01  1.4855E-06  9.7257E-07  3.0192E+00  8.7411E-12  3.3499E-14  3.0190E+00
  4.9103E-01  1.4826E-06  9.6314E-07  3.0534E+00  8.6553E-12  3.1229E-14  3.0532E+00
  5.0105E-01  1.4798E-06  9.5370E-07  3.0871E+00  8.5661E-12  2.9126E-14  3.0869E+00
  5.1107E-01  1.4773E-06  9.4444E-07  3.1200E+00  8.4668E-12  2.7183E-14  3.1198E+00
  5.2110E-01  1.4750E-06  9.3543E-07  3.1519E+00  8.3579E-12  2.5382E-14  3.1517E+00
  5.3112E-01  1.4729E-06  9.2643E-07  3.1836E+00  8.2497E-12  2.3719E-14  3.1834E+00
  5.4114E-01  1.4711E-06  9.1749E-07  3.2142E+00  8.1371E-12  2.2169E-14  3.2140E+00
  5.5116E-01  1.4694E-06  9.0857E-07  3.2441E+00  8.0225E-12  2.0729E-14  3.2438E+00
  5.6118E-01  1.4680E-06  8.9986E-07  3.2725E+00  7.9016E-12  1.9393E-14  3.2723E+00
  5.7120E-01  1.4667E-06  8.9116E-07  3.3004E+00  7.7835E-12  1.8153E-14  3.3002E+00
  5.8122E-01  1.4656E-06  8.8255E-07  3.3274E+00  7.6635E-12  1.6996E-14  3.3272E+00
  5.9124E-01  1.4647E-06  8.7409E-07  3.3538E+00  7.5422E-12  1.5925E-14  3.3535E+00
  6.0126E-01  1.4640E-06  8.6584E-07  3.3791E+00  7.4200E-12  1.4931E-14  3.3788E+00
  6.1128E-01  1.4634E-06  8.5769E-07  3.4040E+00  7.3008E-12  1.4009E-14  3.4038E+00
  6.2131E-01  1.4631E-06  8.4963E-07  3.4282E+00  7.1833E-12  1.3153E-14  3.4280E+00
  6.3133E-01  1.4630E-06  8.4168E-07  3.4519E+00  7.0718E-12  1.2354E-14  3.4516E+00
  6.4135E-01  1.4631E-06  8.3379E-07  3.4746E+00  6.9594E-12  1.1610E-14  3.4743E+00
  6.5137E-01  1.4633E-06  8.2598E-07  3.4969E+00  6.8505E-12  1.0917E-14  3.4967E+00
  6.6139E-01  1.4638E-06  8.1824E-07  3.5186E+00  6.7417E-12  1.0270E-14  3.5183E+00
  6.7141E-01  1.4643E-06  8.1055E-07  3.5397E+00  6.6339E-12  9.6688E-15  3.5395E+00
  6.8142E-01  1.4650E-06  8.0294E-07  3.5601E+00  6.5268E-12  9.1068E-15  3.5599E+00
  6.9145E-01  1.4658E-06  7.9548E-07  3.5799E+00  6.4194E-12  8.5824E-15  3.5796E+00
  7.0147E-01  1.4668E-06  7.8803E-07  3.5993E+00  6.3153E-12  8.0935E-15  3.5990E+00
  7.1150E-01  1.4679E-06  7.8070E-07  3.6181E+00  6.2117E-12  7.6364E-15  3.6178E+00
  7.2152E-01  1.4692E-06  7.7347E-07  3.6364E+00  6.1107E-12  7.2107E-15  3.6361E+00
  7.3154E-01  1.4707E-06  7.6632E-07  3.6542E+00  6.0114E-12  6.8138E-15  3.6539E+00
  7.4156E-01  1.4723E-06  7.5929E-07  3.6713E+00  5.9136E-12  6.4422E-15  3.6710E+00
  7.5158E-01  1.4741E-06  7.5231E-07  3.6882E+00  5.8181E-12  6.0948E-15  3.6879E+00
  7.6160E-01  1.4760E-06  7.4537E-07  3.7045E+00  5.7246E-12  5.7687E-15  3.7042E+00
  7.7162E-01  1.4781E-06  7.3850E-07  3.7203E+00  5.6340E-12  5.4631E-15  3.7200E+00
  7.8164E-01  1.4804E-06  7.3171E-07  3.7358E+00  5.5453E-12  5.1768E-15  3.7355E+00
  7.9166E-01  1.4828E-06  7.2502E-07  3.7509E+00  5.4595E-12  4.9083E-15  3.7506E+00
  8.0169E-01  1.4853E-06  7.1836E-07  3.7655E+00  5.3751E-12  4.6558E-15  3.7652E+00
  8.1171E-01  1.4879E-06  7.1173E-07  3.7799E+00  5.2926E-12  4.4189E-15  3.7796E+00
  8.2173E-01  1.4906E-06  7.0522E-07  3.7938E+00  5.2115E-12  4.1968E-15  3.7935E+00
  8.3175E-01  1.4935E-06  6.9875E-07  3.8074E+00  5.1325E-12  3.9873E-15  3.8071E+00
  8.4177E-01  1.4965E-06  6.9232E-07  3.8204E+00  5.0548E-12  3.7898E-15  3.8200E+00
  8.5179E-01  1.4997E-06  6.8598E-07  3.8331E+00  4.9793E-12  3.6044E-15  3.8328E+00
  8.6181E-01  1.5030E-06  6.7969E-07  3.8456E+00  4.9062E-12  3.4296E-15  3.8453E+00
  8.7183E-01  1.5065E-06  6.7345E-07  3.8576E+00  4.8346E-12  3.2650E-15  3.8573E+00
  8.8185E-01  1.5101E-06  6.6726E-07  3.8694E+00  4.7648E-12  3.1096E-15  3.8691E+00
  8.9187E-01  1.5138E-06  6.6112E-07  3.8808E+00  4.6962E-12  2.9630E-15  3.8805E+00
  8.9405E-01  1.5146E-06  6.5980E-07  3.8831E+00  4.6812E-12  2.9321E-15  3.8828E+00
  9.0190E-01  1.5177E-06  6.5506E-07  3.8916E+00  4.6286E-12  2.8242E-15  3.8913E+00
  9.1192E-01  1.5216E-06  6.4905E-07  3.9025E+00  4.5634E-12  2.6935E-15  3.9022E+00
  9.2194E-01  1.5258E-06  6.4307E-07  3.9127E+00  4.4991E-12  2.5698E-15  3.9124E+00
  9.3196E-01  1.5300E-06  6.3713E-07  3.9227E+00  4.4365E-12  2.4528E-15  3.9224E+00
  9.4198E-01  1.5343E-06  6.3128E-07  3.9324E+00  4.3753E-12  2.3422E-15  3.9321E+00
  9.5200E-01  1.5388E-06  6.2550E-07  3.9419E+00  4.3158E-12  2.2375E-15  3.9416E+00
  9.6202E-01  1.5434E-06  6.1980E-07  3.9511E+00  4.2588E-12  2.1382E-15  3.9508E+00
  9.7204E-01  1.5481E-06  6.1415E-07  3.9601E+00  4.2030E-12  2.0442E-15  3.9598E+00
  9.8030E-01  1.5521E-06  6.0955E-07  3.9673E+00  4.1578E-12  1.9706E-15  3.9669E+00
  9.8206E-01  1.5529E-06  6.0858E-07  3.9688E+00  4.1481E-12  1.9554E-15  3.9684E+00
  9.9208E-01  1.5578E-06  6.0307E-07  3.9773E+00  4.0947E-12  1.8713E-15  3.9770E+00
  1.0021E+00  1.5628E-06  5.9763E-07  3.9858E+00  4.0429E-12  1.7919E-15  3.9855E+00
  1.0121E+00  1.5680E-06  5.9224E-07  3.9943E+00  3.9925E-12  1.7167E-15  3.9940E+00
  1.0221E+00  1.5732E-06  5.8691E-07  4.0028E+00  3.9436E-12  1.6456E-15  4.0025E+00
  1.0322E+00  1.5785E-06  5.8164E-07  4.0104E+00  3.8956E-12  1.5773E-15  4.0101E+00
  1.0422E+00  1.5839E-06  5.7643E-07  4.0179E+00  3.8489E-12  1.5127E-15  4.0176E+00
  1.0522E+00  1.5894E-06  5.7128E-07  4.0255E+00  3.8035E-12  1.4514E-15  4.0252E+00
  1.0622E+00  1.5950E-06  5.6618E-07  4.0330E+00  3.7593E-12  1.3932E-15  4.0327E+00
  1.0723E+00  1.6007E-06  5.6114E-07  4.0405E+00  3.7163E-12  1.3381E-15  4.0402E+00
  1.0823E+00  1.6065E-06  5.5622E-07  4.0472E+00  3.6732E-12  1.2853E-15  4.0469E+00
  1.0923E+00  1.6124E-06  5.5135E-07  4.0539E+00  3.6313E-12  1.2352E-15  4.0536E+00
  1.1023E+00  1.6183E-06  5.4654E-07  4.0606E+00  3.5905E-12  1.1875E-15  4.0602E+00
  1.1123E+00  1.6244E-06  5.4177E-07  4.0672E+00  3.5508E-12  1.1422E-15  4.0669E+00
  1.1224E+00  1.6305E-06  5.3705E-07  4.0738E+00  3.5121E-12  1.0992E-15  4.0735E+00
  1.1324E+00  1.6367E-06  5.3237E-07  4.0796E+00  3.4730E-12  1.0580E-15  4.0793E+00
  1.1424E+00  1.6430E-06  5.2773E-07  4.0854E+00  3.4349E-12  1.0189E-15  4.0851E+00
  1.1524E+00  1.6494E-06  5.2314E-07  4.0911E+00  3.3978E-12  9.8153E-16  4.0908E+00
  1.1624E+00  1.6558E-06  5.1859E-07  4.0969E+00  3.3617E-12  9.4594E-16  4.0965E+00
  1.1725E+00  1.6624E-06  5.1408E-07  4.1026E+00  3.3266E-12  9.1198E-16  4.1023E+00
  1.1825E+00  1.6690E-06  5.0963E-07  4.1077E+00  3.2916E-12  8.7930E-16  4.1074E+00
  1.1925E+00  1.6756E-06  5.0522E-07  4.1128E+00  3.2576E-12  8.4805E-16  4.1125E+00
  1.2025E+00  1.7273E-06  5.0486E-07  4.1182E+00  3.2276E-12  8.2058E-16  4.1179E+00
  1.2125E+00  1.9370E-06  5.1042E-07  4.1235E+00  3.2078E-12  8.0230E-16  4.1232E+00
  1.2226E+00  1.8534E-06  4.9828E-07  4.1285E+00  3.2239E-12  7.8604E-16  4.1282E+00
  1.2326E+00  4.5534E-07  5.1254E-07  4.1329E+00  3.1113E-12  7.4822E-16  4.1325E+00
  1.2426E+00  1.9885E-06  8.0688E-07  4.1765E+00  2.7358E-12  8.7719E-16  4.1762E+00
  1.2526E+00  4.4924E-06  1.1026E-06  4.2505E+00  2.4184E-12  1.0408E-15  4.2503E+00
  1.2597E+00  3.8166E-06  9.9538E-07  4.2519E+00  2.4439E-12  1.0444E-15  4.2517E+00
  1.2627E+00  2.6779E-06  9.8140E-07  4.2535E+00  2.3907E-12  1.0660E-15  4.2533E+00
  1.2727E+00  1.7040E-06  1.0583E-06  4.2579E+00  2.3610E-12  1.0093E-15  4.2577E+00
  1.2827E+00  3.7254E-06  9.4441E-07  4.2923E+00  1.6810E-12  1.3406E-15  4.2922E+00
  1.2927E+00  4.0064E-06  8.4093E-07  4.2961E+00  1.7094E-12  1.3559E-15  4.2960E+00
  1.2931E+00  3.8894E-06  8.3843E-07  4.2965E+00  1.7085E-12  1.3575E-15  4.2963E+00
  1.3027E+00  1.5611E-06  9.1009E-07  4.3033E+00  1.6729E-12  1.3312E-15  4.3032E+00
  1.3128E+00  2.8279E-06  9.2627E-07  4.3124E+00  1.6984E-12  1.2803E-15  4.3123E+00
  1.3228E+00  4.3765E-06  8.8921E-07  4.3205E+00  1.7218E-12  1.2980E-15  4.3204E+00
  1.3264E+00  3.4854E-06  8.3109E-07  4.3223E+00  1.7359E-12  1.3142E-15  4.3222E+00
  1.3328E+00  1.4601E-06  8.6706E-07  4.3256E+00  1.7103E-12  1.3152E-15  4.3254E+00
  1.3428E+00  2.5036E-06  1.1033E-06  4.3858E+00  2.7434E-12  9.4569E-16  4.3855E+00
  1.3528E+00  4.9980E-06  1.3208E-06  4.4988E+00  3.8085E-12  6.4224E-16  4.4983E+00
  1.3597E+00  4.2814E-06  1.2197E-06  4.4981E+00  3.9258E-12  6.5330E-16  4.4977E+00
  1.3629E+00  3.1434E-06  1.2109E-06  4.4978E+00  3.9004E-12  6.7815E-16  4.4973E+00
  1.3729E+00  2.4052E-06  1.2836E-06  4.4965E+00  3.8896E-12  6.5088E-16  4.4961E+00
  1.3829E+00  4.2589E-06  1.2546E-06  4.5132E+00  3.5234E-12  8.7018E-16  4.5128E+00
  1.3929E+00  4.3518E-06  1.1506E-06  4.5150E+00  3.6950E-12  9.0139E-16  4.5146E+00
  1.3931E+00  4.3071E-06  1.1497E-06  4.5151E+00  3.6967E-12  9.0199E-16  4.5147E+00
  1.4029E+00  2.2038E-06  1.2223E-06  4.5178E+00  3.7024E-12  8.9769E-16  4.5174E+00
  1.4130E+00  3.4369E-06  1.2275E-06  4.5240E+00  3.7855E-12  8.6329E-16  4.5235E+00
  1.4230E+00  4.7794E-06  1.1881E-06  4.5278E+00  3.9400E-12  8.9621E-16  4.5273E+00
  1.4264E+00  3.9609E-06  1.1377E-06  4.5280E+00  4.0001E-12  9.1080E-16  4.5275E+00
  1.4330E+00  2.0798E-06  1.1758E-06  4.5291E+00  4.0200E-12  9.1324E-16  4.5286E+00
  1.4430E+00  3.1745E-06  1.2203E-06  4.5542E+00  5.9051E-12  1.5094E-16  4.5533E+00
  1.4531E+00  5.4916E-06  1.2485E-06  4.6374E+00  7.9816E-12 -5.8794E-16  4.6360E+00
  1.4597E+00  4.7742E-06  1.1554E-06  4.6403E+00  8.2900E-12 -6.3426E-16  4.6389E+00
  1.4631E+00  3.6601E-06  1.1511E-06  4.6403E+00  8.3360E-12 -6.3302E-16  4.6388E+00
  1.4731E+00  3.1134E-06  1.2152E-06  4.6445E+00  8.2699E-12 -6.2746E-16  4.6430E+00
  1.4831E+00  4.8159E-06  1.2282E-06  4.6518E+00  8.2242E-12 -5.4268E-16  4.6504E+00
  1.4931E+00  4.7733E-06  1.1269E-06  4.6564E+00  8.6865E-12 -6.0079E-16  4.6548E+00
  1.5032E+00  2.8833E-06  1.1962E-06  4.6607E+00  8.7215E-12 -6.1258E-16  4.6592E+00
  1.5132E+00  4.0439E-06  1.1958E-06  4.6617E+00  8.7271E-12 -6.0721E-16  4.6602E+00
  1.5232E+00  5.1842E-06  1.1538E-06  4.6665E+00  9.1395E-12 -6.4821E-16  4.6649E+00
  1.5264E+00  4.4491E-06  1.1116E-06  4.6664E+00  9.2908E-12 -6.7102E-16  4.6647E+00
  1.5332E+00  2.7180E-06  1.1497E-06  4.6674E+00  9.3724E-12 -6.9540E-16  4.6658E+00
  1.5432E+00  3.7423E-06  1.0419E-06  4.6540E+00  1.0710E-11 -1.4132E-15  4.6520E+00
  1.5533E+00  5.7891E-06  9.1793E-07  4.6809E+00  1.2512E-11 -2.2048E-15  4.6783E+00
  1.5597E+00  5.0913E-06  8.3398E-07  4.6836E+00  1.3016E-11 -2.3374E-15  4.6809E+00
  1.5633E+00  4.0175E-06  8.3353E-07  4.6826E+00  1.3141E-11 -2.3730E-15  4.6799E+00
  1.5733E+00  3.6232E-06  8.8908E-07  4.6855E+00  1.2944E-11 -2.3063E-15  4.6829E+00
  1.5833E+00  5.1809E-06  9.1146E-07  4.6899E+00  1.3067E-11 -2.2922E-15  4.6872E+00
  1.5931E+00  5.0681E-06  8.1751E-07  4.6954E+00  1.3840E-11 -2.4818E-15  4.6926E+00
  1.5933E+00  4.9925E-06  8.1585E-07  4.6958E+00  1.3898E-11 -2.5026E-15  4.6930E+00
  1.6034E+00  3.3901E-06  8.7650E-07  4.7007E+00  1.3899E-11 -2.5057E-15  4.6978E+00
  1.6134E+00  4.4775E-06  8.9655E-07  4.6779E+00  1.3575E-11 -2.3670E-15  4.6751E+00
  1.6234E+00  5.4318E-06  8.5206E-07  4.6831E+00  1.4287E-11 -2.5241E-15  4.6801E+00
  1.6264E+00  4.7845E-06  8.1758E-07  4.6823E+00  1.4525E-11 -2.5914E-15  4.6793E+00
  1.6334E+00  3.2061E-06  8.5438E-07  4.6836E+00  1.4652E-11 -2.6419E-15  4.6805E+00
  1.6435E+00  4.0994E-06  6.8083E-07  4.6572E+00  1.4645E-11 -2.8386E-15  4.6542E+00
  1.6535E+00  5.8407E-06  4.8944E-07  4.6529E+00  1.5418E-11 -3.2498E-15  4.6497E+00
  1.6597E+00  5.1777E-06  4.1487E-07  4.6546E+00  1.6060E-11 -3.4467E-15  4.6513E+00
  1.6635E+00  4.1560E-06  4.1759E-07  4.6536E+00  1.6239E-11 -3.5117E-15  4.6503E+00
  1.6735E+00  3.8865E-06  4.6622E-07  4.6555E+00  1.5905E-11 -3.3832E-15  4.6522E+00
  1.6835E+00  5.3056E-06  4.8534E-07  4.6592E+00  1.6103E-11 -3.3958E-15  4.6558E+00
  1.6931E+00  5.1440E-06  3.9905E-07  4.6640E+00  1.7111E-11 -3.6890E-15  4.6604E+00
  1.6936E+00  5.0224E-06  3.9599E-07  4.6647E+00  1.7210E-11 -3.7304E-15  4.6611E+00
  1.7036E+00  3.6569E-06  4.4731E-07  4.6699E+00  1.7152E-11 -3.7117E-15  4.6663E+00
  1.7136E+00  4.6987E-06  5.2196E-07  4.6234E+00  1.6256E-11 -3.3528E-15  4.6201E+00
  1.7236E+00  5.4875E-06  4.7631E-07  4.6271E+00  1.7191E-11 -3.6013E-15  4.6236E+00
  1.7264E+00  4.9264E-06  4.4881E-07  4.6260E+00  1.7468E-11 -3.6923E-15  4.6224E+00
  1.7336E+00  3.4969E-06  4.8387E-07  4.6273E+00  1.7599E-11 -3.7544E-15  4.6237E+00
  1.7437E+00  4.2446E-06  3.2647E-07  4.5795E+00  1.6397E-11 -3.3298E-15  4.5762E+00
  1.7537E+00  5.6889E-06  1.4936E-07  4.5436E+00  1.6196E-11 -3.2047E-15  4.5404E+00
  1.7597E+00  5.0690E-06  8.3768E-08  4.5451E+00  1.6893E-11 -3.4112E-15  4.5418E+00
  1.7637E+00  4.1063E-06  8.8911E-08  4.5444E+00  1.7081E-11 -3.4848E-15  4.5411E+00
  1.7737E+00  3.9379E-06  1.3168E-07  4.5452E+00  1.6657E-11 -3.3254E-15  4.5420E+00
  1.7837E+00  5.2234E-06  1.4628E-07  4.5472E+00  1.6896E-11 -3.3417E-15  4.5440E+00
  1.7931E+00  5.0290E-06  6.8044E-08  4.5502E+00  1.8019E-11 -3.6552E-15  4.5467E+00
  1.7938E+00  4.8706E-06  6.3527E-08  4.5510E+00  1.8143E-11 -3.7109E-15  4.5475E+00
  1.8038E+00  3.7135E-06  1.0687E-07  4.5534E+00  1.7997E-11 -3.6677E-15  4.5499E+00
  1.8138E+00  4.7793E-06  3.0136E-07  4.4810E+00  1.5968E-11 -2.8372E-15  4.4781E+00
  1.8238E+00  5.4224E-06  2.5576E-07  4.4837E+00  1.6994E-11 -3.0788E-15  4.4806E+00
  1.8264E+00  4.9428E-06  2.3432E-07  4.4829E+00  1.7251E-11 -3.1547E-15  4.4798E+00
  1.8339E+00  3.6545E-06  2.6729E-07  4.4840E+00  1.7339E-11 -3.2108E-15  4.4808E+00
  1.8439E+00  4.2767E-06  1.7246E-07  4.4582E+00  1.5777E-11 -2.4853E-15  4.4554E+00
  1.8539E+00  5.4642E-06  5.7422E-08  4.4395E+00  1.5270E-11 -2.0101E-15  4.4370E+00
  1.8597E+00  4.8915E-06 -2.3288E-11  4.4406E+00  1.5950E-11 -2.1584E-15  4.4379E+00
  1.8639E+00  3.9914E-06  6.8606E-09  4.4405E+00  1.6103E-11 -2.2155E-15  4.4378E+00
  1.8739E+00  3.9040E-06  4.4372E-08  4.4415E+00  1.5661E-11 -2.0835E-15  4.4389E+00
  1.8840E+00  5.0626E-06  5.5530E-08  4.4425E+00  1.5928E-11 -2.0788E-15  4.4399E+00
  1.8931E+00  4.8479E-06 -1.4609E-08  4.4440E+00  1.7052E-11 -2.2987E-15  4.4411E+00
  1.8940E+00  4.6606E-06 -2.0404E-08  4.4445E+00  1.7171E-11 -2.3545E-15  4.4416E+00
  1.9040E+00  3.6855E-06  1.7510E-08  4.4451E+00  1.6933E-11 -2.3063E-15  4.4423E+00
  1.9140E+00  4.8625E-06  3.6697E-07  4.3855E+00  1.3704E-11 -9.1343E-16  4.3834E+00
  1.9240E+00  5.3783E-06  3.2246E-07  4.3871E+00  1.4692E-11 -1.0054E-15  4.3849E+00
  1.9264E+00  4.9737E-06  3.0606E-07  4.3869E+00  1.4888E-11 -1.0289E-15  4.3847E+00
  1.9341E+00  3.8175E-06  3.3663E-07  4.3877E+00  1.4905E-11 -1.0716E-15  4.3855E+00
  1.9441E+00  4.3519E-06  3.0432E-07  4.3851E+00  1.3743E-11 -4.8797E-16  4.3831E+00
  1.9541E+00  5.3394E-06  2.5312E-07  4.3852E+00  1.3569E-11  4.1635E-17  4.3833E+00
  1.9597E+00  4.8149E-06  2.0308E-07  4.3861E+00  1.4190E-11  1.8218E-17  4.3841E+00
  1.9641E+00  3.9787E-06  2.1106E-07  4.3865E+00  1.4280E-11 -1.4329E-18  4.3844E+00
  1.9741E+00  3.9549E-06  2.4320E-07  4.3880E+00  1.3875E-11  3.3752E-17  4.3860E+00
  1.9842E+00  4.9948E-06  2.5213E-07  4.3892E+00  1.4173E-11  8.9247E-17  4.3872E+00
  1.9931E+00  4.7687E-06  1.8962E-07  4.3904E+00  1.5237E-11  8.3885E-17  4.3882E+00
  1.9942E+00  4.5599E-06  1.8292E-07  4.3907E+00  1.5325E-11  4.8121E-17  4.3885E+00
  2.0042E+00  3.7427E-06  2.1713E-07  4.3915E+00  1.5006E-11  6.5469E-17  4.3894E+00
  2.0142E+00  5.0570E-06  6.2777E-07  4.3912E+00  1.2347E-11  1.6233E-15  4.3896E+00
  2.0243E+00  5.4629E-06  5.8461E-07  4.3938E+00  1.3341E-11  1.8242E-15  4.3921E+00
  2.0264E+00  5.1258E-06  5.7216E-07  4.3942E+00  1.3494E-11  1.8701E-15  4.3925E+00
  2.0343E+00  4.0912E-06  5.9994E-07  4.3958E+00  1.3432E-11  1.8286E-15  4.3941E+00
  2.0443E+00  4.5717E-06  6.0138E-07  4.4002E+00  1.2881E-11  2.0064E-15  4.3986E+00
  2.0543E+00  5.4111E-06  5.8668E-07  4.4045E+00  1.3337E-11  2.4565E-15  4.4028E+00
  2.0597E+00  4.9343E-06  5.4310E-07  4.4054E+00  1.3967E-11  2.6069E-15  4.4037E+00
  2.0643E+00  4.1611E-06  5.5164E-07  4.4059E+00  1.4015E-11  2.6221E-15  4.4042E+00
  2.0744E+00  4.1862E-06  5.7855E-07  4.4060E+00  1.3619E-11  2.5060E-15  4.4044E+00
  2.0844E+00  5.1172E-06  5.8636E-07  4.4052E+00  1.4009E-11  2.6656E-15  4.4034E+00
  2.0931E+00  4.8867E-06  5.3108E-07  4.4046E+00  1.5168E-11  2.9731E-15  4.4027E+00
  2.0944E+00  4.6625E-06  5.2399E-07  4.4044E+00  1.5236E-11  2.9639E-15  4.4025E+00
  2.1044E+00  3.9814E-06  5.5611E-07  4.4031E+00  1.4862E-11  2.8731E-15  4.4013E+00
  2.1144E+00  5.3762E-06  8.6955E-07  4.4699E+00  1.6095E-11  3.5456E-15  4.4678E+00
  2.1245E+00  5.6883E-06  8.2844E-07  4.4702E+00  1.7604E-11  4.0887E-15  4.4679E+00
  2.1264E+00  5.4109E-06  8.1920E-07  4.4702E+00  1.7828E-11  4.1761E-15  4.4678E+00
  2.1345E+00  4.4860E-06  8.4456E-07  4.4700E+00  1.7735E-11  4.0583E-15  4.4677E+00
  2.1445E+00  4.9330E-06  8.5276E-07  4.4713E+00  1.7341E-11  3.9927E-15  4.4691E+00
  2.1545E+00  5.6613E-06  8.4773E-07  4.4727E+00  1.8526E-11  4.5994E-15  4.4703E+00
  2.1597E+00  5.2297E-06  8.0986E-07  4.4731E+00  1.9490E-11  4.9298E-15  4.4705E+00
  2.1645E+00  4.5164E-06  8.1854E-07  4.4734E+00  1.9598E-11  4.9237E-15  4.4709E+00
  2.1746E+00  4.5782E-06  8.4006E-07  4.4744E+00  1.8924E-11  4.7032E-15  4.4719E+00
  2.1846E+00  5.4121E-06  8.4597E-07  4.4754E+00  1.9556E-11  5.1398E-15  4.4729E+00
  2.1931E+00  5.1819E-06  7.9610E-07  4.4769E+00  2.1351E-11  5.9119E-15  4.4741E+00
  2.1946E+00  4.9474E-06  7.8890E-07  4.4767E+00  2.1473E-11  5.9021E-15  4.4739E+00
  2.2046E+00  4.3821E-06  8.1805E-07  4.4778E+00  2.0826E-11  5.6907E-15  4.4751E+00
  2.2147E+00  5.7576E-06  9.4458E-07  4.5664E+00  2.7861E-11  4.0403E-15  4.5620E+00
  2.2247E+00  5.9915E-06  9.0460E-07  4.5680E+00  3.0919E-11  4.9361E-15  4.5630E+00
  2.2264E+00  5.7661E-06  8.9766E-07  4.5680E+00  3.1372E-11  5.0219E-15  4.5630E+00
  2.2347E+00  4.9391E-06  9.2000E-07  4.5687E+00  3.1157E-11  4.7663E-15  4.5638E+00
  2.2447E+00  5.3588E-06  9.2493E-07  4.5702E+00  3.0308E-11  4.7838E-15  4.5653E+00
  2.2547E+00  5.9960E-06  9.1854E-07  4.5721E+00  3.2935E-11  5.8176E-15  4.5668E+00
  2.2597E+00  5.6069E-06  8.8528E-07  4.5730E+00  3.4893E-11  6.2814E-15  4.5675E+00
  2.2648E+00  4.9499E-06  8.9359E-07  4.5735E+00  3.5216E-11  6.1161E-15  4.5679E+00
  2.2748E+00  5.0392E-06  9.0936E-07  4.5754E+00  3.3621E-11  5.9821E-15  4.5700E+00
  2.2848E+00  5.7871E-06  9.1189E-07  4.5779E+00  3.5022E-11  6.9599E-15  4.5723E+00
  2.2931E+00  5.5610E-06  8.6637E-07  4.5804E+00  3.8797E-11  8.3026E-15  4.5742E+00
  2.2948E+00  5.3202E-06  8.5931E-07  4.5802E+00  3.9154E-11  8.1679E-15  4.5740E+00
  2.3048E+00  4.8542E-06  8.8506E-07  4.5823E+00  3.7661E-11  7.8679E-15  4.5763E+00
  2.3149E+00  6.1147E-06  8.2681E-07  4.6427E+00  4.8362E-11  3.0152E-15  4.6336E+00
  2.3249E+00  6.2835E-06  7.8823E-07  4.6452E+00  5.4860E-11  4.1985E-15  4.6349E+00
  2.3264E+00  6.1032E-06  7.8305E-07  4.6453E+00  5.5742E-11  4.2137E-15  4.6348E+00
  2.3349E+00  5.3636E-06  8.0272E-07  4.6463E+00  5.5185E-11  3.6747E-15  4.6359E+00
  2.3449E+00  5.7569E-06  8.0380E-07  4.6471E+00  5.3190E-11  4.2190E-15  4.6371E+00
  2.3550E+00  6.3148E-06  7.9393E-07  4.6488E+00  5.8963E-11  5.9850E-15  4.6377E+00
  2.3597E+00  5.9654E-06  7.6484E-07  4.6492E+00  6.3105E-11  6.4369E-15  4.6373E+00
  2.3650E+00  5.3610E-06  7.7286E-07  4.6491E+00  6.3886E-11  5.7618E-15  4.6371E+00
  2.3750E+00  5.4702E-06  7.8394E-07  4.6504E+00  6.0248E-11  6.1018E-15  4.6390E+00
  2.3850E+00  6.1413E-06  7.8283E-07  4.6526E+00  6.3603E-11  8.0872E-15  4.6406E+00
  2.3931E+00  5.9226E-06  7.4134E-07  4.6542E+00  7.2021E-11  1.0126E-14  4.6406E+00
  2.3950E+00  5.6792E-06  7.3472E-07  4.6535E+00  7.2982E-11  9.5065E-15  4.6398E+00
  2.4051E+00  5.2988E-06  7.5730E-07  4.6546E+00  6.9403E-11  9.2383E-15  4.6415E+00
  2.4151E+00  6.3820E-06  5.7514E-07  4.6675E+00  7.7916E-11  3.0465E-15  4.6517E+00
  2.4251E+00  6.4977E-06  5.3857E-07  4.6687E+00  9.1205E-11  5.2059E-15  4.6503E+00
  2.4264E+00  6.3565E-06  5.3473E-07  4.6688E+00  9.2770E-11  5.1406E-15  4.6501E+00
  2.4351E+00  5.6961E-06  5.5203E-07  4.6694E+00  9.1306E-11  3.8859E-15  4.6510E+00
  2.4451E+00  6.0638E-06  5.5050E-07  4.6704E+00  8.7166E-11  5.5840E-15  4.6529E+00
  2.4552E+00  6.5512E-06  5.3718E-07  4.6730E+00  9.9352E-11  9.6380E-15  4.6530E+00
  2.4597E+00  6.2388E-06  5.1153E-07  4.6736E+00  1.0770E-10  1.0508E-14  4.6520E+00
  2.4652E+00  5.6842E-06  5.1877E-07  4.6740E+00  1.0914E-10  8.5860E-15  4.6521E+00
  2.4752E+00  5.8084E-06  5.2775E-07  4.6743E+00  1.0108E-10  9.7913E-15  4.6540E+00
  2.4852E+00  6.4105E-06  5.2490E-07  4.6753E+00  1.0851E-10  1.4666E-14  4.6536E+00
  2.4931E+00  6.2010E-06  4.8646E-07  4.6772E+00  1.2653E-10  1.9783E-14  4.6520E+00
  2.4952E+00  5.9584E-06  4.8034E-07  4.6765E+00  1.2873E-10  1.7837E-14  4.6509E+00
  2.5053E+00  5.6513E-06  4.9908E-07  4.6776E+00  1.2013E-10  1.7441E-14  4.6537E+00
  2.5153E+00  6.5278E-06  2.8220E-07  4.6552E+00  1.2125E-10  1.6519E-14  4.6311E+00
  2.5253E+00  6.5993E-06  2.4717E-07  4.6567E+00  1.4842E-10  2.7374E-14  4.6275E+00
  2.5264E+00  6.4918E-06  2.4429E-07  4.6569E+00  1.5110E-10  2.7744E-14  4.6271E+00
  2.5353E+00  5.9031E-06  2.5921E-07  4.6575E+00  1.4715E-10  2.3451E-14  4.6285E+00
  2.5454E+00  6.2452E-06  2.5628E-07  4.6583E+00  1.3891E-10  2.6909E-14  4.6310E+00
  2.5554E+00  6.6690E-06  2.4070E-07  4.6603E+00  1.6509E-10  4.5162E-14  4.6281E+00
  2.5597E+00  6.3911E-06  2.1818E-07  4.6608E+00  1.8229E-10  5.2465E-14  4.6254E+00
  2.5654E+00  5.8839E-06  2.2463E-07  4.6612E+00  1.8472E-10  4.6628E-14  4.6253E+00
  2.5754E+00  6.0210E-06  2.3619E-07  4.6583E+00  1.6660E-10  4.5882E-14  4.6260E+00
  2.5854E+00  6.5629E-06  2.3632E-07  4.6559E+00  1.8328E-10  6.6721E-14  4.6208E+00
  2.5931E+00  6.3641E-06  2.0083E-07  4.6576E+00  2.2332E-10  9.8835E-14  4.6155E+00
  2.5955E+00  6.1251E-06  1.9536E-07  4.6569E+00  2.2840E-10  9.3078E-14  4.6138E+00
  2.6055E+00  5.8808E-06  2.1065E-07  4.6579E+00  2.0705E-10  8.4311E-14  4.6187E+00
  2.6155E+00  6.5574E-06  3.4275E-08  4.6204E+00  1.9946E-10  1.1147E-13  4.5848E+00
  2.6255E+00  6.5921E-06  7.5815E-10  4.6217E+00  2.6123E-10  2.0384E-13  4.5769E+00
  2.6264E+00  6.5135E-06 -1.3809E-09  4.6219E+00  2.6624E-10  2.0950E-13  4.5763E+00
  2.6355E+00  5.9901E-06  1.1298E-08  4.6227E+00  2.5496E-10  1.8061E-13  4.5785E+00
  2.6456E+00  6.3075E-06  7.5052E-09  4.6234E+00  2.3667E-10  1.8148E-13  4.5826E+00
  2.6556E+00  6.6743E-06 -9.3071E-09  4.6246E+00  2.9957E-10  3.3083E-13  4.5763E+00
  2.6597E+00  6.4284E-06 -2.8917E-08  4.6250E+00  3.4073E-10  4.1481E-13  4.5717E+00
  2.6656E+00  5.9660E-06 -2.3297E-08  4.6254E+00  3.4538E-10  3.8596E-13  4.5706E+00
  2.6756E+00  6.1152E-06 -7.6091E-09  4.6222E+00  2.9814E-10  3.3508E-13  4.5746E+00
  2.6856E+00  6.6057E-06 -2.4666E-09  4.6189E+00  3.4054E-10  5.0978E-13  4.5695E+00
  2.6931E+00  6.4184E-06 -3.5075E-08  4.6203E+00  4.5091E-10  8.5033E-13  4.5642E+00
  2.6957E+00  6.1854E-06 -3.9790E-08  4.6197E+00  4.6716E-10  8.2958E-13  4.5605E+00
  2.7057E+00  5.9943E-06 -2.7718E-08  4.6207E+00  3.9877E-10  6.8754E-13  4.5677E+00
  2.7157E+00  6.5110E-06 -1.3246E-07  4.5949E+00  3.8416E-10  9.1960E-13  4.5574E+00
  2.7257E+00  6.5156E-06 -1.6473E-07  4.5964E+00  6.2547E-10  1.7735E-12  4.5671E+00
  2.7264E+00  6.4615E-06 -1.6628E-07  4.5966E+00  6.4500E-10  1.8051E-12  4.5663E+00
  2.7358E+00  5.9973E-06 -1.5577E-07  4.5975E+00  5.7829E-10  1.5792E-12  4.5642E+00
  2.7458E+00  6.2911E-06 -1.6037E-07  4.5983E+00  5.0496E-10  1.5335E-12  4.5740E+00
  2.7558E+00  6.6069E-06 -1.7762E-07  4.5994E+00  9.1167E-10  2.3508E-12  4.5728E+00
  2.7597E+00  6.3907E-06 -1.9457E-07  4.5997E+00  1.3016E-09  2.2396E-12  4.5156E+00
  2.7658E+00  5.9705E-06 -1.8980E-07  4.6001E+00  1.2909E-09  2.1316E-12  4.5109E+00
  2.7758E+00  6.1307E-06 -1.7199E-07  4.5990E+00  8.8310E-10  2.3569E-12  4.5802E+00
  2.7859E+00  6.5772E-06 -1.6314E-07  4.5976E+00  1.4645E-09  2.2700E-12  4.5048E+00
  2.7931E+00  6.4020E-06 -1.9293E-07  4.5988E+00  3.2961E-09 -8.7812E-13  4.3837E+00
  2.7959E+00  6.1772E-06 -1.9688E-07  4.5984E+00  3.4074E-09 -1.1310E-12  4.4024E+00
  2.8059E+00  6.0308E-06 -1.8800E-07  4.5996E+00  2.3289E-09  9.7138E-13  4.3792E+00
  2.8159E+00  6.4408E-06 -2.3357E-07  4.5896E+00  2.9438E-09 -2.0362E-13  4.3636E+00
  2.8259E+00  6.4207E-06 -2.6492E-07  4.5913E+00  4.8763E-09 -1.8645E-13  4.5557E+00
  2.8264E+00  6.3872E-06 -2.6597E-07  4.5914E+00  4.8960E-09  2.9276E-14  4.5553E+00
  2.8360E+00  5.9767E-06 -2.5772E-07  4.5925E+00  4.7345E-09 -1.5973E-12  4.5988E+00
  2.8460E+00  6.2479E-06 -2.6334E-07  4.5935E+00  4.5307E-09 -2.2410E-12  4.6155E+00
  2.8560E+00  6.5185E-06 -2.8057E-07  4.5946E+00  4.9297E-09  2.7775E-12  4.6418E+00
  2.8597E+00  6.3295E-06 -2.9513E-07  4.5949E+00  4.4958E-09  2.4631E-12  4.5661E+00
  2.8660E+00  5.9491E-06 -2.9129E-07  4.5955E+00  4.5445E-09  2.4042E-12  4.5746E+00
  2.8760E+00  6.1178E-06 -2.7502E-07  4.5971E+00  4.9010E-09  2.7322E-12  4.6450E+00
  2.8861E+00  6.5258E-06 -2.6585E-07  4.5983E+00  4.1179E-09  2.2926E-12  4.5290E+00
  2.8931E+00  6.3633E-06 -2.9307E-07  4.5994E+00  2.4794E-09  7.2627E-13  4.3891E+00
  2.8961E+00  6.1482E-06 -2.9637E-07  4.5993E+00  2.4048E-09  6.3569E-13  4.3894E+00
  2.9061E+00  6.0392E-06 -2.9072E-07  4.6009E+00  3.2103E-09  1.3632E-12  4.4272E+00
  2.9161E+00  6.3846E-06 -3.0571E-07  4.5993E+00  2.6160E-09  9.1543E-13  4.4008E+00
  2.9262E+00  6.3449E-06 -3.3632E-07  4.6009E+00  1.2294E-09  6.3053E-14  4.4417E+00
  2.9264E+00  6.3285E-06 -3.3689E-07  4.6010E+00  1.2168E-09  5.8000E-14  4.4427E+00
  2.9362E+00  5.9670E-06 -3.3102E-07  4.6023E+00  1.4338E-09  1.4918E-13  4.4286E+00
  2.9462E+00  6.2159E-06 -3.3924E-07  4.6042E+00  1.5924E-09  2.5950E-13  4.4219E+00
  2.9562E+00  6.4469E-06 -3.5664E-07  4.6056E+00  8.6222E-10 -2.8759E-14  4.4827E+00
  2.9597E+00  6.2829E-06 -3.6911E-07  4.6059E+00  7.2004E-10 -6.0081E-14  4.4992E+00
  2.9662E+00  5.9400E-06 -3.6633E-07  4.6067E+00  7.4604E-10 -5.6847E-14  4.4972E+00
  2.9763E+00  6.1130E-06 -3.5687E-07  4.6104E+00  9.0939E-10 -1.0605E-14  4.4829E+00
  2.9863E+00  6.4852E-06 -3.5299E-07  4.6141E+00  6.4682E-10 -6.5809E-14  4.5163E+00
  2.9931E+00  6.3356E-06 -3.7792E-07  4.6153E+00  4.5840E-10 -8.2726E-14  4.5423E+00
  2.9963E+00  6.1319E-06 -3.8078E-07  4.6155E+00  4.5498E-10 -8.2721E-14  4.5430E+00
  3.0063E+00  6.0540E-06 -3.7821E-07  4.6171E+00  5.4390E-10 -7.4839E-14  4.5329E+00
  3.0163E+00  6.3595E-06 -3.8427E-07  4.6183E+00  4.6815E-10 -7.8055E-14  4.5445E+00
  3.0264E+00  6.3047E-06 -4.1422E-07  4.6202E+00  3.0247E-10 -7.4399E-14  4.5703E+00
  3.0364E+00  5.9854E-06 -4.1077E-07  4.6220E+00  3.2478E-10 -7.5032E-14  4.5688E+00
  3.0464E+00  6.2118E-06 -4.2385E-07  4.6254E+00  3.3924E-10 -7.6207E-14  4.5700E+00
  3.0564E+00  6.4082E-06 -4.4202E-07  4.6275E+00  2.3536E-10 -6.6739E-14  4.5879E+00
  3.0597E+00  6.2673E-06 -4.5272E-07  4.6279E+00  2.1329E-10 -6.2760E-14  4.5918E+00
  3.0664E+00  5.9597E-06 -4.5119E-07  4.6289E+00  2.2035E-10 -6.2720E-14  4.5919E+00
  3.0765E+00  6.1311E-06 -4.5251E-07  4.6343E+00  2.4498E-10 -6.7763E-14  4.5932E+00
  3.0865E+00  6.4677E-06 -4.5862E-07  4.6399E+00  1.9611E-10 -6.1792E-14  4.6062E+00
  3.0931E+00  6.3312E-06 -4.8176E-07  4.6412E+00  1.5913E-10 -5.3511E-14  4.6137E+00
  3.0965E+00  6.1398E-06 -4.8455E-07  4.6417E+00  1.5957E-10 -5.2607E-14  4.6141E+00
  3.1065E+00  6.0876E-06 -4.8512E-07  4.6435E+00  1.7800E-10 -5.7082E-14  4.6130E+00
  3.1166E+00  6.3633E-06 -4.9138E-07  4.6457E+00  1.5945E-10 -5.3846E-14  4.6183E+00
  3.1264E+00  6.3059E-06 -5.2026E-07  4.6479E+00  1.1967E-10 -4.3401E-14  4.6271E+00
  3.1266E+00  6.2971E-06 -5.2063E-07  4.6480E+00  1.2270E-10 -4.3733E-14  4.6266E+00
  3.1366E+00  6.0298E-06 -5.2020E-07  4.6501E+00  1.2935E-10 -4.5366E-14  4.6277E+00
  3.1466E+00  6.2343E-06 -5.3523E-07  4.6525E+00  1.3203E-10 -4.6143E-14  4.6298E+00
  3.1566E+00  6.4004E-06 -5.5471E-07  4.6550E+00  1.0159E-10 -3.8099E-14  4.6373E+00
  3.1597E+00  6.2803E-06 -5.6397E-07  4.6554E+00  9.5331E-11 -3.5843E-14  4.6389E+00
  3.1667E+00  6.0057E-06 -5.6389E-07  4.6568E+00  9.8380E-11 -3.5939E-14  4.6398E+00
  3.1767E+00  6.1699E-06 -5.7511E-07  4.6616E+00  1.0488E-10 -3.8809E-14  4.6434E+00
  3.1867E+00  6.4703E-06 -5.9087E-07  4.6668E+00  8.8189E-11 -3.4561E-14  4.6512E+00
  3.1931E+00  6.3468E-06 -6.1236E-07  4.6683E+00  7.6101E-11 -3.0228E-14  4.6549E+00
  3.1967E+00  6.1685E-06 -6.1528E-07  4.6689E+00  7.6755E-11 -2.9726E-14  4.6554E+00
  3.2067E+00  6.1375E-06 -6.1841E-07  4.6710E+00  8.2827E-11 -3.2223E-14  4.6565E+00
  3.2168E+00  6.3874E-06 -6.2677E-07  4.6734E+00  7.5453E-11 -3.0401E-14  4.6602E+00
  3.2264E+00  6.3316E-06 -6.5455E-07  4.6757E+00  6.0904E-11 -2.5074E-14  4.6650E+00
  3.2268E+00  6.3140E-06 -6.5536E-07  4.6758E+00  6.2226E-11 -2.5174E-14  4.6649E+00
  3.2368E+00  6.0921E-06 -6.5751E-07  4.6779E+00  6.4944E-11 -2.6124E-14  4.6666E+00
  3.2468E+00  6.2815E-06 -6.6278E-07  4.6753E+00  6.5928E-11 -2.5670E-14  4.6640E+00
  3.2568E+00  6.4820E-06 -6.8208E-07  4.6780E+00  5.4623E-11 -2.1956E-14  4.6686E+00
  3.2669E+00  6.2699E-06 -6.9899E-07  4.6802E+00  4.8307E-11 -1.8942E-14  4.6719E+00
  3.2769E+00  6.2233E-06 -7.0981E-07  4.6826E+00  4.8021E-11 -1.8621E-14  4.6744E+00
  3.2969E+00  6.2501E-06 -7.3727E-07  4.6874E+00  4.8183E-11 -1.8355E-14  4.6793E+00
