  1.8908E-06 -4.7621E-08 -4.7477E-08  1.9134E+01  1.8801E-10  1.3415E-12  1.9095E+01
  1.0000E-02  4.9800E-04 -7.2275E-06  2.0363E+01  2.6136E-10  8.5111E-13  2.0350E+01
  2.0000E-02  7.9613E-04 -1.8342E-05  2.8565E+01  4.2796E-10 -1.4858E-13  2.8560E+01
  3.0000E-02  9.1514E-04 -2.4607E-05  3.8299E+01  5.5860E-10 -9.4278E-13  3.8278E+01
  4.0000E-02  9.4250E-04 -2.6822E-05  4.4564E+01  6.2323E-10 -1.3792E-12  4.4532E+01
  4.9999E-02  9.2859E-04 -2.7716E-05  4.7836E+01  6.8050E-10 -1.4782E-12  4.7802E+01
  5.9999E-02  8.7770E-04 -2.8368E-05  4.5566E+01  6.5659E-10 -1.0763E-12  4.5544E+01
  6.9999E-02  7.9099E-04 -2.9794E-05  3.5369E+01  4.6921E-10  8.5312E-14  3.5366E+01
  7.9998E-02  6.2870E-04 -3.4194E-05  2.6863E+01 -4.4939E-11  3.5731E-12  2.6630E+01
  8.9998E-02  3.2717E-04 -4.1475E-05  1.2198E+02 -1.3272E-09  1.2122E-11  1.2135E+02
  9.9997E-02 -1.3333E-04 -4.0492E-05  3.1464E+02 -5.2641E-09  2.6606E-11  3.1337E+02
  1.1000E-01 -5.4621E-04 -3.2776E-05  5.2235E+02 -7.9267E-09  4.1450E-11  5.2051E+02
  1.2000E-01 -8.1350E-04 -2.5880E-05  6.8049E+02 -1.0016E-08  5.2469E-11  6.7823E+02
  1.3000E-01 -1.0489E-03 -2.8820E-05  8.3340E+02 -1.2073E-08  6.3747E-11  8.3069E+02
  1.4000E-01 -1.4400E-03 -4.0017E-05  1.0736E+03 -1.5469E-08  8.1707E-11  1.0701E+03
  1.5000E-01 -2.0286E-03 -4.4845E-05  1.4126E+03 -2.0255E-08  1.0578E-10  1.4082E+03
  1.6000E-01 -2.5615E-03 -3.2944E-05  1.6981E+03 -2.4217E-08  1.2483E-10  1.6929E+03
  1.7000E-01 -2.8163E-03 -1.7907E-05  1.8299E+03 -2.6963E-08  1.3233E-10  1.8245E+03
  1.8000E-01 -2.8786E-03 -1.0437E-05  1.8663E+03 -2.7935E-08  1.3406E-10  1.8608E+03
  1.9000E-01 -2.8781E-03 -8.3135E-06  1.8715E+03 -2.8152E-08  1.3412E-10  1.8661E+03
  2.0000E-01 -2.8809E-03 -7.7856E-06  1.8706E+03 -2.8208E-08  1.3384E-10  1.8651E+03
  2.1000E-01 -2.8914E-03 -7.4509E-06  1.8745E+03 -2.8265E-08  1.3396E-10  1.8690E+03
  2.2000E-01 -2.9072E-03 -5.9799E-06  1.8945E+03 -2.8501E-08  1.3538E-10  1.8890E+03
  2.3000E-01 -2.8659E-03  1.4613E-07  1.9699E+03 -2.9577E-08  1.4114E-10  1.9642E+03
  2.4000E-01 -2.6462E-03  1.2723E-05  2.1873E+03 -3.2895E-08  1.5760E-10  2.1809E+03
  2.5000E-01 -2.1761E-03  2.1352E-05  2.6045E+03 -3.8772E-08  1.8762E-10  2.5969E+03
  2.6000E-01 -1.6656E-03  1.3491E-05  3.0675E+03 -4.6228E-08  2.1813E-10  3.0587E+03
  2.7000E-01 -1.3592E-03 -9.8647E-07  3.3732E+03 -5.2182E-08  2.3606E-10  3.3638E+03
  2.8000E-01 -1.2344E-03 -9.7870E-06  3.5346E+03 -5.5637E-08  2.4460E-10  3.5249E+03
  2.9000E-01 -1.1552E-03 -1.2403E-05  3.6542E+03 -5.8412E-08  2.5095E-10  3.6443E+03
  3.0000E-01 -1.0383E-03 -1.4100E-05  3.7889E+03 -6.1487E-08  2.5835E-10  3.7787E+03
  3.1000E-01 -9.0633E-04 -1.7643E-05  3.9100E+03 -6.5449E-08  2.6275E-10  3.8997E+03
  3.2000E-01 -8.5786E-04 -2.5755E-05  3.9771E+03 -6.7443E-08  2.6494E-10  3.9668E+03
  3.3000E-01 -8.7203E-04 -3.2884E-05  4.0018E+03 -6.8680E-08  2.6456E-10  3.9915E+03
  3.4000E-01 -9.2006E-04 -3.9001E-05  4.0064E+03 -6.9528E-08  2.6309E-10  3.9962E+03
  3.5000E-01 -9.8409E-04 -4.5047E-05  4.0034E+03 -7.0172E-08  2.6128E-10  3.9933E+03
  3.6000E-01 -1.0646E-03 -5.1466E-05  3.9940E+03 -7.0647E-08  2.5915E-10  3.9840E+03
  3.7000E-01 -1.1638E-03 -5.8728E-05  3.9785E+03 -7.0976E-08  2.5667E-10  3.9686E+03
  3.8000E-01 -1.3058E-03 -6.8163E-05  3.9485E+03 -7.1005E-08  2.5323E-10  3.9388E+03
  4.0000E-01 -1.8709E-03 -9.2027E-05  3.8013E+03 -7.0563E-08  2.4051E-10  3.7921E+03
