  2.8715E-05 -3.6381E-04  9.9949E+02  9.7892E-01  1.0030E+00  9.8130E-01 -3.2242E-02
  1.0000E-02  3.2897E-02  9.9949E+02  9.7892E-01  1.0030E+00  9.8130E-01 -3.2232E-02
  2.0000E-02  6.6253E-02  9.9949E+02  9.7892E-01  1.0030E+00  9.8130E-01 -3.2234E-02
  3.0000E-02  9.9610E-02  9.9949E+02  9.7890E-01  1.0030E+00  9.8129E-01 -3.2238E-02
  4.0000E-02  1.3297E-01  9.9949E+02  9.7889E-01  1.0029E+00  9.8127E-01 -3.2241E-02
  4.9999E-02  1.6632E-01  9.9949E+02  9.7886E-01  1.0029E+00  9.8124E-01 -3.2243E-02
  5.9999E-02  1.9968E-01  9.9949E+02  9.7881E-01  1.0029E+00  9.8119E-01 -3.2248E-02
  6.9999E-02  2.3304E-01  9.9949E+02  9.7876E-01  1.0030E+00  9.8114E-01 -3.2254E-02
  7.9998E-02  2.6640E-01  9.9949E+02  9.7870E-01  1.0030E+00  9.8108E-01 -3.2259E-02
  8.9997E-02  2.9977E-01  9.9949E+02  9.7863E-01  1.0030E+00  9.8101E-01 -3.2265E-02
  9.9997E-02  3.3313E-01  9.9949E+02  9.7858E-01  1.0030E+00  9.8096E-01 -3.2308E-02
  1.1000E-01  3.6650E-01  9.9949E+02  9.7854E-01  1.0030E+00  9.8093E-01 -3.2322E-02
  1.2000E-01  3.9987E-01  9.9949E+02  9.7854E-01  1.0030E+00  9.8092E-01 -3.2348E-02
  1.3000E-01  4.3323E-01  9.9949E+02  9.7856E-01  1.0030E+00  9.8094E-01 -3.2355E-02
  1.4000E-01  4.6660E-01  9.9949E+02  9.7861E-01  1.0030E+00  9.8100E-01 -3.2352E-02
  1.5000E-01  4.9997E-01  9.9949E+02  9.7870E-01  1.0030E+00  9.8109E-01 -3.2405E-02
  1.6000E-01  5.3334E-01  9.9949E+02  9.7882E-01  1.0030E+00  9.8121E-01 -3.2350E-02
  1.7000E-01  5.6670E-01  9.9949E+02  9.7893E-01  1.0030E+00  9.8133E-01 -3.2374E-02
  1.8000E-01  6.0006E-01  9.9949E+02  9.7901E-01  1.0030E+00  9.8142E-01 -3.2398E-02
  1.9000E-01  6.3342E-01  9.9949E+02  9.7906E-01  1.0030E+00  9.8147E-01 -3.2403E-02
  2.0000E-01  6.6678E-01  9.9949E+02  9.7906E-01  1.0030E+00  9.8147E-01 -3.2406E-02
  2.1000E-01  7.0014E-01  9.9949E+02  9.7902E-01  1.0030E+00  9.8143E-01 -3.2417E-02
  2.2000E-01  7.3349E-01  9.9949E+02  9.7894E-01  1.0030E+00  9.8135E-01 -3.2436E-02
  2.3000E-01  7.6685E-01  9.9949E+02  9.7883E-01  1.0030E+00  9.8124E-01 -3.2462E-02
  2.4000E-01  8.0021E-01  9.9949E+02  9.7872E-01  1.0030E+00  9.8112E-01 -3.2508E-02
  2.5000E-01  8.3358E-01  9.9949E+02  9.7865E-01  1.0030E+00  9.8104E-01 -3.2620E-02
  2.6000E-01  8.6695E-01  9.9949E+02  9.7864E-01  1.0030E+00  9.8102E-01 -3.2659E-02
  2.6999E-01  9.0032E-01  9.9949E+02  9.7869E-01  1.0030E+00  9.8108E-01 -3.2778E-02
  2.7999E-01  9.3369E-01  9.9949E+02  9.7881E-01  1.0030E+00  9.8120E-01 -3.2892E-02
  2.8999E-01  9.6707E-01  9.9949E+02  9.7897E-01  1.0030E+00  9.8136E-01 -3.2989E-02
  2.9999E-01  1.0004E+00  9.9949E+02  9.7918E-01  1.0030E+00  9.8156E-01 -3.3084E-02
  3.1000E-01  1.0338E+00  9.9949E+02  9.7942E-01  1.0030E+00  9.8180E-01 -3.3166E-02
  3.2000E-01  1.0672E+00  9.9949E+02  9.7968E-01  1.0030E+00  9.8206E-01 -3.3255E-02
  3.3000E-01  1.1006E+00  9.9949E+02  9.7995E-01  1.0030E+00  9.8233E-01 -3.3338E-02
  3.4000E-01  1.1339E+00  9.9949E+02  9.8023E-01  1.0030E+00  9.8260E-01 -3.3416E-02
  3.5000E-01  1.1673E+00  9.9949E+02  9.8051E-01  1.0030E+00  9.8288E-01 -3.3489E-02
  3.6000E-01  1.2007E+00  9.9949E+02  9.8078E-01  1.0030E+00  9.8315E-01 -3.3557E-02
  3.7000E-01  1.2340E+00  9.9949E+02  9.8104E-01  1.0030E+00  9.8341E-01 -3.3622E-02
  3.8000E-01  1.2674E+00  9.9949E+02  9.8129E-01  1.0030E+00  9.8366E-01 -3.3682E-02
  4.0000E-01  1.3341E+00  9.9949E+02  9.8177E-01  1.0030E+00  9.8414E-01 -3.3906E-02
