  1.2356E-05 -1.6262E-07  3.5143E-09  1.9824E+01 -9.7495E-10  2.4054E-12  1.9737E+01
  1.0000E-02  4.6583E-04 -5.8175E-06  2.1176E+01 -5.8631E-10  2.0077E-12  2.1126E+01
  2.0000E-02  7.5098E-04 -1.5282E-05  3.0955E+01  2.2745E-10  1.1834E-12  3.0944E+01
  3.0000E-02  8.7655E-04 -2.0874E-05  4.2277E+01  9.0232E-10  4.9464E-13  4.2267E+01
  4.0000E-02  9.2386E-04 -2.3190E-05  4.8978E+01  1.2977E-09  1.2627E-13  4.8961E+01
  4.9999E-02  9.3891E-04 -2.4644E-05  5.1466E+01  1.4872E-09 -5.8078E-14  5.1445E+01
  5.9999E-02  9.2283E-04 -2.6142E-05  4.6657E+01  1.3199E-09  1.0919E-13  4.6639E+01
  6.9999E-02  8.7179E-04 -2.8700E-05  3.2578E+01  5.8773E-10  7.6242E-13  3.2568E+01
  7.9998E-02  7.3184E-04 -3.5391E-05  4.1639E+01 -1.8460E-09  2.4814E-12  4.1548E+01
  8.9998E-02  4.0442E-04 -4.7831E-05  1.7343E+02 -8.3572E-09  6.6123E-12  1.7313E+02
  9.9997E-02 -1.8169E-04 -5.4102E-05  4.2879E+02 -2.2434E-08  1.6763E-11  4.2793E+02
  1.1000E-01 -7.8398E-04 -5.1828E-05  7.1380E+02 -3.6313E-08  2.4636E-11  7.1246E+02
  1.2000E-01 -1.2537E-03 -4.7952E-05  9.4084E+02 -4.7239E-08  2.9611E-11  9.3913E+02
  1.3000E-01 -1.7398E-03 -5.7942E-05  1.1684E+03 -5.8207E-08  3.3074E-11  1.1663E+03
  1.4000E-01 -2.5700E-03 -8.5599E-05  1.5356E+03 -7.6496E-08  3.8568E-11  1.5329E+03
  1.5000E-01 -3.8826E-03 -1.0909E-04  2.0805E+03 -1.0402E-07  4.7654E-11  2.0769E+03
  1.6000E-01 -5.2187E-03 -1.0379E-04  2.5783E+03 -1.2892E-07  5.6171E-11  2.5739E+03
  1.7000E-01 -6.0337E-03 -8.1746E-05  2.8405E+03 -1.4245E-07  5.9153E-11  2.8356E+03
  1.8000E-01 -6.3966E-03 -6.9160E-05  2.9327E+03 -1.4714E-07  5.8991E-11  2.9276E+03
  1.9000E-01 -6.5341E-03 -6.5538E-05  2.9575E+03 -1.4839E-07  5.8226E-11  2.9524E+03
  2.0000E-01 -6.5784E-03 -6.4313E-05  2.9624E+03 -1.4855E-07  5.8004E-11  2.9573E+03
  2.1000E-01 -6.5358E-03 -6.3048E-05  2.9619E+03 -1.4840E-07  5.8589E-11  2.9568E+03
  2.2000E-01 -6.4031E-03 -5.9386E-05  2.9692E+03 -1.4862E-07  6.0158E-11  2.9640E+03
  2.3000E-01 -6.0561E-03 -4.7032E-05  3.0120E+03 -1.5060E-07  6.3160E-11  3.0068E+03
  2.4000E-01 -5.2885E-03 -2.5309E-05  3.1559E+03 -1.5776E-07  6.8714E-11  3.1505E+03
  2.5000E-01 -4.0619E-03 -1.5036E-05  3.4517E+03 -1.7161E-07  7.8208E-11  3.4460E+03
  2.6000E-01 -2.8789E-03 -3.3655E-05  3.7847E+03 -1.8720E-07  9.1648E-11  3.7785E+03
  2.7000E-01 -2.1640E-03 -5.7496E-05  4.0043E+03 -1.9746E-07  1.0483E-10  3.9978E+03
  2.8000E-01 -1.8046E-03 -6.7769E-05  4.1208E+03 -2.0226E-07  1.1714E-10  4.1141E+03
  2.9000E-01 -1.5480E-03 -6.7688E-05  4.2059E+03 -2.0542E-07  1.2972E-10  4.1992E+03
  3.0000E-01 -1.2737E-03 -6.6299E-05  4.2965E+03 -2.0886E-07  1.4362E-10  4.2897E+03
  3.1000E-01 -1.0130E-03 -6.3731E-05  4.3734E+03 -2.1271E-07  1.5943E-10  4.3664E+03
  3.2000E-01 -8.7731E-04 -6.7696E-05  4.4171E+03 -2.1411E-07  1.7445E-10  4.4102E+03
  3.3000E-01 -8.1833E-04 -6.9524E-05  4.4366E+03 -2.1435E-07  1.8939E-10  4.4296E+03
  3.4000E-01 -7.9485E-04 -6.9841E-05  4.4451E+03 -2.1411E-07  2.0452E-10  4.4382E+03
  3.5000E-01 -7.8514E-04 -6.9821E-05  4.4496E+03 -2.1370E-07  2.2002E-10  4.4428E+03
  3.6000E-01 -7.8696E-04 -6.9852E-05  4.4512E+03 -2.1318E-07  2.3590E-10  4.4444E+03
  3.7000E-01 -7.9981E-04 -7.0228E-05  4.4505E+03 -2.1259E-07  2.5217E-10  4.4438E+03
  3.8000E-01 -8.3759E-04 -7.1664E-05  4.4459E+03 -2.1186E-07  2.6869E-10  4.4391E+03
  4.0000E-01 -1.0583E-03 -7.5827E-05  4.4189E+03 -2.1241E-07  2.9986E-10  4.4122E+03
