  1.8908E-06 -2.2901E-03  4.3899E-01  9.8899E+00  9.8907E-04  1.9137E+01 -2.4008E-05
  1.0000E-02  3.1060E-02  4.3874E-01  9.8841E+00  1.2502E+00  1.0293E+03 -1.2490E+00
  2.0000E-02  6.4416E-02  4.3787E-01  9.8636E+00  2.8967E+00  1.6556E+03 -2.8954E+00
  3.0000E-02  9.7773E-02  4.3622E-01  9.8255E+00  4.7443E+00  1.9292E+03 -4.7432E+00
  4.0000E-02  1.3113E-01  4.3373E-01  9.7685E+00  6.6664E+00  2.0306E+03 -6.6656E+00
  4.9999E-02  1.6449E-01  4.3039E-01  9.6922E+00  8.6055E+00  2.0625E+03 -8.6048E+00
  5.9999E-02  1.9785E-01  4.2619E-01  9.5965E+00  1.0528E+01  2.0318E+03 -1.0527E+01
  6.9999E-02  2.3121E-01  4.2114E-01  9.4818E+00  1.2401E+01  1.9375E+03 -1.2400E+01
  7.9998E-02  2.6457E-01  4.1528E-01  9.3488E+00  1.4170E+01  1.6940E+03 -1.4170E+01
  8.9998E-02  2.9793E-01  4.0867E-01  9.1991E+00  1.5722E+01  1.1636E+03 -1.5722E+01
  9.9997E-02  3.3129E-01  4.0144E-01  9.0358E+00  1.6875E+01  4.1555E+02 -1.6875E+01
  1.1000E-01  3.6466E-01  3.9379E-01  8.8634E+00  1.7524E+01  8.5074E+02 -1.7524E+01
  1.2000E-01  3.9803E-01  3.8594E-01  8.6867E+00  1.7749E+01  1.4850E+03 -1.7749E+01
  1.3000E-01  4.3139E-01  3.7805E-01  8.5095E+00  1.7644E+01  2.1062E+03 -1.7643E+01
  1.4000E-01  4.6476E-01  3.7027E-01  8.3352E+00  1.7120E+01  3.0924E+03 -1.7119E+01
  1.5000E-01  4.9813E-01  3.6285E-01  8.1693E+00  1.5921E+01  4.5662E+03 -1.5919E+01
  1.6000E-01  5.3149E-01  3.5611E-01  8.0196E+00  1.3897E+01  5.9912E+03 -1.3892E+01
  1.7000E-01  5.6486E-01  3.5040E-01  7.8936E+00  1.1254E+01  6.8178E+03 -1.1245E+01
  1.8000E-01  5.9822E-01  3.4592E-01  7.7957E+00  8.3158E+00  7.1664E+03 -8.3025E+00
  1.9000E-01  6.3158E-01  3.4277E-01  7.7278E+00  5.2797E+00  7.2919E+03 -5.2577E+00
  2.0000E-01  6.6493E-01  3.4098E-01  7.6906E+00  2.2397E+00  7.3304E+03 -2.1861E+00
  2.1000E-01  6.9829E-01  3.4054E-01  7.6841E+00  1.0018E+00  7.2925E+03  8.7663E-01
  2.2000E-01  7.3165E-01  3.4146E-01  7.7080E+00  3.9240E+00  7.1750E+03  3.8950E+00
  2.3000E-01  7.6501E-01  3.4370E-01  7.7616E+00  6.8099E+00  6.8641E+03  6.7949E+00
  2.4000E-01  7.9837E-01  3.4719E-01  7.8429E+00  9.3954E+00  6.1763E+03  9.3868E+00
  2.5000E-01  8.3173E-01  3.5174E-01  7.9472E+00  1.1365E+01  5.1473E+03  1.1360E+01
  2.6000E-01  8.6510E-01  3.5704E-01  8.0673E+00  1.2531E+01  4.3540E+03  1.2528E+01
  2.7000E-01  8.9847E-01  3.6274E-01  8.1956E+00  1.3053E+01  4.0446E+03  1.3051E+01
  2.8000E-01  9.3184E-01  3.6862E-01  8.3271E+00  1.3209E+01  3.9543E+03  1.3207E+01
  2.9000E-01  9.6521E-01  3.7452E-01  8.4590E+00  1.3139E+01  3.9185E+03  1.3137E+01
  3.0000E-01  9.9859E-01  3.8036E-01  8.5891E+00  1.2843E+01  3.9177E+03  1.2841E+01
  3.1000E-01  1.0320E+00  3.8603E-01  8.7150E+00  1.2298E+01  3.9527E+03  1.2295E+01
  3.2000E-01  1.0653E+00  3.9142E-01  8.8344E+00  1.1563E+01  3.9930E+03  1.1560E+01
  3.3000E-01  1.0987E+00  3.9646E-01  8.9459E+00  1.0727E+01  4.0106E+03  1.0724E+01
  3.4000E-01  1.1321E+00  4.0113E-01  9.0487E+00  9.8431E+00  4.0136E+03  9.8405E+00
  3.5000E-01  1.1654E+00  4.0539E-01  9.1426E+00  8.9364E+00  4.0106E+03  8.9336E+00
  3.6000E-01  1.1988E+00  4.0926E-01  9.2274E+00  8.0212E+00  4.0029E+03  8.0181E+00
  3.7000E-01  1.2322E+00  4.1271E-01  9.3030E+00  7.1125E+00  3.9914E+03  7.1091E+00
  3.8000E-01  1.2655E+00  4.1577E-01  9.3697E+00  6.2372E+00  3.9741E+03  6.2334E+00
  4.0000E-01  1.3323E+00  4.2081E-01  9.4793E+00  4.8603E+00  3.9904E+03  4.8556E+00
