  2.4019E-05  8.8227E-05 -1.2843E-04 -8.6454E-05  9.7772E-01  1.4241E-05  9.7753E-01
  1.0000E-02  8.8228E-05 -1.2841E-04 -8.6454E-05  9.7772E-01  1.4239E-05  9.7753E-01
  2.0000E-02  8.8232E-05 -1.2840E-04 -8.6459E-05  9.7772E-01  1.4238E-05  9.7753E-01
  3.0000E-02  8.8232E-05 -1.2843E-04 -8.6459E-05  9.7770E-01  1.4241E-05  9.7751E-01
  4.0000E-02  8.8233E-05 -1.2848E-04 -8.6459E-05  9.7767E-01  1.4250E-05  9.7748E-01
  4.9999E-02  8.8234E-05 -1.2857E-04 -8.6459E-05  9.7762E-01  1.4266E-05  9.7743E-01
  5.9999E-02  8.8236E-05 -1.2871E-04 -8.6459E-05  9.7754E-01  1.4293E-05  9.7735E-01
  6.9999E-02  8.8238E-05 -1.2892E-04 -8.6459E-05  9.7744E-01  1.4331E-05  9.7725E-01
  7.9998E-02  8.8242E-05 -1.2919E-04 -8.6459E-05  9.7731E-01  1.4383E-05  9.7712E-01
  8.9998E-02  8.8249E-05 -1.2953E-04 -8.6463E-05  9.7716E-01  1.4450E-05  9.7697E-01
  9.9997E-02  8.8245E-05 -1.3003E-04 -8.6453E-05  9.7701E-01  1.4538E-05  9.7681E-01
  1.1000E-01  8.8245E-05 -1.3052E-04 -8.6447E-05  9.7685E-01  1.4631E-05  9.7666E-01
  1.2000E-01  8.8241E-05 -1.3105E-04 -8.6437E-05  9.7672E-01  1.4731E-05  9.7652E-01
  1.3000E-01  8.8231E-05 -1.3155E-04 -8.6422E-05  9.7661E-01  1.4832E-05  9.7640E-01
  1.4000E-01  8.8238E-05 -1.3198E-04 -8.6424E-05  9.7654E-01  1.4924E-05  9.7633E-01
  1.5000E-01  8.8234E-05 -1.3249E-04 -8.6416E-05  9.7651E-01  1.5011E-05  9.7630E-01
  1.6000E-01  8.8230E-05 -1.3267E-04 -8.6409E-05  9.7654E-01  1.5067E-05  9.7632E-01
  1.7000E-01  8.8256E-05 -1.3287E-04 -8.6434E-05  9.7660E-01  1.5101E-05  9.7639E-01
  1.8000E-01  8.8264E-05 -1.3298E-04 -8.6442E-05  9.7666E-01  1.5115E-05  9.7644E-01
  1.9000E-01  8.8267E-05 -1.3301E-04 -8.6444E-05  9.7669E-01  1.5116E-05  9.7648E-01
  2.0000E-01  8.8266E-05 -1.3302E-04 -8.6443E-05  9.7669E-01  1.5118E-05  9.7647E-01
  2.1000E-01  8.8261E-05 -1.3311E-04 -8.6437E-05  9.7665E-01  1.5134E-05  9.7643E-01
  2.2000E-01  8.8252E-05 -1.3333E-04 -8.6425E-05  9.7656E-01  1.5179E-05  9.7634E-01
  2.3000E-01  8.8237E-05 -1.3372E-04 -8.6404E-05  9.7642E-01  1.5262E-05  9.7621E-01
  2.4000E-01  8.8223E-05 -1.3432E-04 -8.6382E-05  9.7626E-01  1.5389E-05  9.7604E-01
  2.5000E-01  8.8175E-05 -1.3526E-04 -8.6322E-05  9.7609E-01  1.5571E-05  9.7586E-01
  2.6000E-01  8.8125E-05 -1.3622E-04 -8.6259E-05  9.7596E-01  1.5789E-05  9.7572E-01
  2.7000E-01  8.8072E-05 -1.3742E-04 -8.6193E-05  9.7588E-01  1.6035E-05  9.7564E-01
  2.8000E-01  8.7985E-05 -1.3867E-04 -8.6091E-05  9.7585E-01  1.6295E-05  9.7560E-01
  2.9000E-01  8.7884E-05 -1.3990E-04 -8.5975E-05  9.7585E-01  1.6561E-05  9.7560E-01
  3.0000E-01  8.7771E-05 -1.4113E-04 -8.5848E-05  9.7589E-01  1.6827E-05  9.7563E-01
  3.1000E-01  8.7649E-05 -1.4229E-04 -8.5712E-05  9.7597E-01  1.7084E-05  9.7570E-01
  3.2000E-01  8.7526E-05 -1.4341E-04 -8.5576E-05  9.7609E-01  1.7332E-05  9.7581E-01
  3.3000E-01  8.7401E-05 -1.4447E-04 -8.5439E-05  9.7622E-01  1.7567E-05  9.7593E-01
  3.4000E-01  8.7277E-05 -1.4546E-04 -8.5304E-05  9.7636E-01  1.7788E-05  9.7607E-01
  3.5000E-01  8.7155E-05 -1.4638E-04 -8.5172E-05  9.7652E-01  1.7994E-05  9.7621E-01
  3.6000E-01  8.7037E-05 -1.4723E-04 -8.5045E-05  9.7668E-01  1.8187E-05  9.7637E-01
  3.7000E-01  8.6923E-05 -1.4802E-04 -8.4922E-05  9.7684E-01  1.8367E-05  9.7652E-01
  3.8000E-01  8.6813E-05 -1.4876E-04 -8.4803E-05  9.7700E-01  1.8534E-05  9.7668E-01
  4.0000E-01  8.6648E-05 -1.5020E-04 -8.4625E-05  9.7734E-01  1.8828E-05  9.7701E-01
