 -7.6014E-07  8.1446E-06 -2.8944E-01  1.0022E+01  9.7835E-04  1.9184E+01 -2.1335E-05
  1.0000E-02  3.3367E-02 -2.8960E-01  1.0028E+01  1.2628E+00  1.0501E+03  1.2617E+00
  2.0000E-02  6.6724E-02 -2.9018E-01  1.0049E+01  2.9343E+00  1.6911E+03  2.9331E+00
  3.0000E-02  1.0008E-01 -2.9127E-01  1.0088E+01  4.8229E+00  1.9737E+03  4.8219E+00
  4.0000E-02  1.3344E-01 -2.9292E-01  1.0146E+01  6.8071E+00  2.0803E+03  6.8063E+00
  4.9999E-02  1.6679E-01 -2.9515E-01  1.0224E+01  8.8362E+00  2.1147E+03  8.8356E+00
  5.9999E-02  2.0015E-01 -2.9797E-01  1.0323E+01  1.0883E+01  2.0793E+03  1.0883E+01
  6.9999E-02  2.3351E-01 -3.0138E-01  1.0442E+01  1.2920E+01  1.9653E+03  1.2920E+01
  7.9998E-02  2.6687E-01 -3.0537E-01  1.0581E+01  1.4893E+01  1.6537E+03  1.4892E+01
  8.9998E-02  3.0024E-01 -3.0991E-01  1.0739E+01  1.6669E+01  9.4221E+02  1.6669E+01
  9.9997E-02  3.3360E-01 -3.1492E-01  1.0913E+01  1.8026E+01  5.8556E+02  1.8026E+01
  1.1000E-01  3.6697E-01 -3.2026E-01  1.1097E+01  1.8809E+01  1.8744E+03  1.8809E+01
  1.2000E-01  4.0033E-01 -3.2577E-01  1.1287E+01  1.9084E+01  2.9393E+03  1.9084E+01
  1.3000E-01  4.3370E-01 -3.3131E-01  1.1478E+01  1.8933E+01  4.0499E+03  1.8932E+01
  1.4000E-01  4.6707E-01 -3.3674E-01  1.1664E+01  1.8195E+01  5.9471E+03  1.8193E+01
  1.5000E-01  5.0043E-01 -3.4186E-01  1.1838E+01  1.6461E+01  8.9421E+03  1.6456E+01
  1.6000E-01  5.3380E-01 -3.4633E-01  1.1989E+01  1.3460E+01  1.1981E+04  1.3450E+01
  1.7000E-01  5.6716E-01 -3.4980E-01  1.2104E+01  9.4505E+00  1.3837E+04  9.4325E+00
  1.8000E-01  6.0052E-01 -3.5205E-01  1.2176E+01  4.9135E+00  1.4661E+04  4.8749E+00
  1.9000E-01  6.3388E-01 -3.5294E-01  1.2200E+01  6.3370E-01  1.4971E+04  9.1660E-02
  2.0000E-01  6.6724E-01 -3.5244E-01  1.2177E+01  4.8086E+00  1.5069E+04 -4.7669E+00
  2.1000E-01  7.0060E-01 -3.5053E-01  1.2105E+01  9.6280E+00  1.4971E+04 -9.6072E+00
  2.2000E-01  7.3395E-01 -3.4723E-01  1.1985E+01  1.4351E+01  1.4674E+04 -1.4337E+01
  2.3000E-01  7.6731E-01 -3.4259E-01  1.1819E+01  1.8822E+01  1.3907E+04 -1.8813E+01
  2.4000E-01  8.0067E-01 -3.3671E-01  1.1611E+01  2.2743E+01  1.2236E+04 -2.2737E+01
  2.5000E-01  8.3404E-01 -3.2981E-01  1.1368E+01  2.5670E+01  9.6445E+03 -2.5666E+01
  2.6000E-01  8.6741E-01 -3.2220E-01  1.1102E+01  2.7366E+01  7.3066E+03 -2.7364E+01
  2.7000E-01  9.0078E-01 -3.1422E-01  1.0824E+01  2.8108E+01  6.0510E+03 -2.8107E+01
  2.8000E-01  9.3415E-01 -3.0610E-01  1.0541E+01  2.8330E+01  5.5009E+03 -2.8329E+01
  2.9000E-01  9.6752E-01 -2.9795E-01  1.0258E+01  2.8258E+01  5.1559E+03 -2.8257E+01
  3.0000E-01  1.0009E+00 -2.8985E-01  9.9772E+00  2.7922E+01  4.8390E+03 -2.7921E+01
  3.1000E-01  1.0343E+00 -2.8188E-01  9.7008E+00  2.7316E+01  4.5951E+03 -2.7315E+01
  3.2000E-01  1.0676E+00 -2.7411E-01  9.4315E+00  2.6523E+01  4.4944E+03 -2.6522E+01
  3.3000E-01  1.1010E+00 -2.6658E-01  9.1706E+00  2.5651E+01  4.4579E+03 -2.5650E+01
  3.4000E-01  1.1344E+00 -2.5930E-01  8.9185E+00  2.4764E+01  4.4461E+03 -2.4763E+01
  3.5000E-01  1.1677E+00 -2.5229E-01  8.6753E+00  2.3888E+01  4.4429E+03 -2.3886E+01
  3.6000E-01  1.2011E+00 -2.4552E-01  8.4407E+00  2.3035E+01  4.4471E+03 -2.3033E+01
  3.7000E-01  1.2345E+00 -2.3900E-01  8.2145E+00  2.2217E+01  4.4587E+03 -2.2215E+01
  3.8000E-01  1.2678E+00 -2.3270E-01  7.9962E+00  2.1454E+01  4.4892E+03 -2.1452E+01
  4.0000E-01  1.3346E+00 -2.2072E-01  7.5798E+00  2.0300E+01  4.6927E+03 -2.0298E+01
