  2.128982772414E-02  7.240672558913E-02  9.999877372613E+02  3.279677416396E-04  0.000000000000E+00  8.221293988525E+00  1.418300831179E+01 -2.584416156010E+06  4.444908559366E+06
  4.227451267241E-02  1.424067255891E-01  9.999312372471E+02  2.634144038573E-05  0.000000000000E+00  8.132666799466E+00  1.433600126282E+01 -5.902750223410E+06  1.022695041592E+07
  6.325749428006E-02  2.124067255891E-01  9.998256082141E+02  2.275799654234E-06  0.000000000000E+00  7.973296146695E+00  1.461391865926E+01 -9.270531181264E+06  1.627030128564E+07
  8.423780022897E-02  2.824067255891E-01  9.996802210547E+02  1.477244121245E-04  0.000000000000E+00  7.745255957573E+00  1.501770560695E+01 -1.237546377353E+07  2.209574665203E+07
  1.052151126933E-01  3.524067255891E-01  9.995573968643E+02  2.824323242193E-04  0.000000000000E+00  7.461411677475E+00  1.552849072811E+01 -1.440081383358E+07  2.606831938785E+07
  1.261908411951E-01  4.224067255891E-01  9.995321743354E+02  7.189224114632E-05  0.000000000000E+00  7.152791572885E+00  1.608830662491E+01 -1.478553323439E+07  2.680958470844E+07
  1.471671036413E-01  4.924067255891E-01  9.996188762199E+02  1.605148587655E-03  0.000000000000E+00  6.850533295392E+00  1.663107070585E+01 -1.366490525868E+07  2.402859476069E+07
  1.681468729792E-01  5.624067255891E-01  9.998497778658E+02  1.731957229541E-03  0.000000000000E+00  6.599295923769E+00  1.704516030293E+01 -9.862921192579E+06  1.432542692236E+07
  1.891309830168E-01  6.324067255891E-01  9.999900018090E+02  7.771207379623E-04  0.000000000000E+00  6.446026244208E+00  1.720481847705E+01 -4.661604836042E+06  6.096771059582E+05
  2.101157510887E-01  7.024067255891E-01  9.999062882300E+02  6.136114788911E-05  0.000000000000E+00  6.404577177268E+00  1.706677820475E+01  7.062266947423E+05 -1.374862033301E+07
  2.310964341628E-01  7.724067255891E-01  9.996113093373E+02  1.564041873169E-05  0.000000000000E+00  6.474349687174E+00  1.663299971972E+01  5.856181242771E+06 -2.729550515275E+07
  2.520699588687E-01  8.424067255891E-01  9.992733441009E+02  3.967149979132E-04  0.000000000000E+00  6.641109879622E+00  1.594808458831E+01  9.634121854389E+06 -3.690654849442E+07
  2.730384916387E-01  9.124067255891E-01  9.991503264391E+02  1.650512089104E-03  0.000000000000E+00  6.859178475485E+00  1.513421170383E+01  1.080653110261E+07 -3.979998914788E+07
  2.940060185908E-01  9.824067255891E-01  9.991550204105E+02  1.210744094966E-05  0.000000000000E+00  7.086575929091E+00  1.429695434839E+01  1.072837300416E+07 -3.970318353586E+07
  3.149744312961E-01  1.052406725589E+00  9.992317811479E+02  4.690416862207E-05  0.000000000000E+00  7.303416137142E+00  1.347939662083E+01  9.802415095026E+06 -3.797311879622E+07
  3.359448749721E-01  1.122406725589E+00  9.993389398155E+02  2.921493262238E-05  0.000000000000E+00  7.494306125866E+00  1.270891140998E+01  8.348085872577E+06 -3.541456769165E+07
  3.569175197560E-01  1.192406725589E+00  9.994388838693E+02  3.335938275497E-06  0.000000000000E+00  7.652981287947E+00  1.199296612847E+01  6.766313898002E+06 -3.283798593747E+07
  3.778921099909E-01  1.262406725589E+00  9.995233883990E+02  9.659083863399E-06  0.000000000000E+00  7.778352512183E+00  1.132928840116E+01  5.198733696977E+06 -3.046585844087E+07
  3.988682276250E-01  1.332406725589E+00  9.995814593563E+02  6.166922350535E-05  0.000000000000E+00  7.873303847836E+00  1.071024772900E+01  3.955533250701E+06 -2.869602366630E+07
  4.000000011319E-01  1.336183497253E+00  9.995834373817E+02  0.000000000000E+00  0.000000000000E+00  7.877756531408E+00  1.067779265537E+01  3.910139184415E+06 -2.863327487687E+07
